41, 3, 43, 0, 1
43, 3, 43, 0, 5
43, 3, 44, 0, 0
44, 1, 54, 0, 0
54, 3, 55, 0, 0
55, 1, 55, 0, 3
55, 1, 74, 0, 4
74, 3, 86, 0, 2
86, 3, 78, 0, 1
78, 1, 87, 0, 5
87, 3, 89, 0, 1
89, 1, 98, 0, 5
98, 3, 98, 10, 5
41, 3, 41, 0, 4
41, 3, 53, 0, 2
53, 3, 54, 0, 2
54, 3, 55, 0, 2
55, 1, 45, 0, 3
45, 1, 64, 0, 4
64, 3, 56, 0, 3
56, 1, 76, 0, 5
76, 3, 76, 0, 4
76, 3, 79, 0, 1
79, 1, 78, 0, 3
78, 1, 98, 0, 5
98, 3, 98, 10, 5
41, 3, 42, 0, 0
42, 3, 44, 0, 1
44, 1, 53, 0, 5
53, 3, 53, 0, 4
53, 3, 65, 0, 2
65, 3, 56, 0, 5
56, 1, 67, 0, 1
67, 3, 68, 0, 1
68, 3, 68, 0, 5
68, 3, 69, 0, 1
69, 1, 78, 0, 4
78, 1, 89, 0, 1
89, 1, 89, 10, 1
41, 3, 52, 0, 2
52, 3, 44, 0, 1
44, 1, 54, 0, 1
54, 3, 44, 0, 3
44, 1, 65, 0, 1
65, 3, 65, 0, 5
65, 3, 76, 0, 2
76, 3, 57, 0, 3
57, 1, 67, 0, 3
67, 3, 78, 0, 5
78, 1, 88, 0, 0
88, 3, 79, 0, 3
79, 1, 79, 10, 3
41, 3, 52, 0, 2
52, 3, 43, 0, 5
43, 3, 44, 0, 0
44, 1, 55, 0, 1
55, 1, 74, 0, 2
74, 3, 65, 0, 5
65, 3, 56, 0, 3
56, 1, 75, 0, 4
75, 3, 78, 0, 1
78, 1, 86, 0, 4
86, 3, 78, 0, 3
78, 1, 98, 0, 2
98, 3, 98, 10, 2
41, 3, 32, 0, 3
32, 1, 51, 0, 4
51, 3, 63, 0, 2
63, 3, 55, 0, 1
55, 1, 63, 0, 4
63, 3, 64, 0, 4
64, 3, 65, 0, 4
65, 3, 66, 0, 4
66, 3, 58, 0, 3
58, 1, 77, 0, 4
77, 3, 78, 0, 4
78, 1, 79, 0, 3
79, 1, 79, 10, 3
41, 3, 52, 0, 2
52, 3, 33, 0, 3
33, 1, 63, 0, 2
63, 3, 53, 0, 4
53, 3, 56, 0, 1
56, 1, 65, 0, 5
65, 3, 56, 0, 3
56, 1, 76, 0, 5
76, 3, 76, 0, 4
76, 3, 78, 0, 5
78, 1, 78, 0, 3
78, 1, 98, 0, 2
98, 3, 98, 10, 2
41, 3, 52, 0, 2
52, 3, 33, 0, 3
33, 1, 54, 0, 1
54, 3, 55, 0, 1
55, 1, 74, 0, 2
74, 3, 66, 0, 1
66, 3, 76, 0, 2
76, 3, 68, 0, 1
68, 3, 58, 0, 3
58, 1, 79, 0, 1
79, 1, 98, 0, 2
98, 3, 79, 0, 3
79, 1, 79, 10, 3
41, 3, 43, 0, 1
43, 3, 42, 0, 4
42, 3, 44, 0, 5
44, 1, 55, 0, 1
55, 1, 63, 0, 4
63, 3, 65, 0, 5
65, 3, 66, 0, 0
66, 3, 67, 0, 0
67, 3, 69, 0, 1
69, 1, 68, 0, 3
68, 3, 69, 0, 3
69, 1, 89, 0, 5
89, 1, 89, 10, 5
41, 3, 42, 0, 0
42, 3, 33, 0, 3
33, 1, 43, 0, 3
43, 3, 64, 0, 2
64, 3, 65, 0, 2
65, 3, 55, 0, 4
55, 1, 66, 0, 5
66, 3, 68, 0, 1
68, 3, 69, 0, 1
69, 1, 79, 0, 1
79, 1, 87, 0, 4
87, 3, 79, 0, 3
79, 1, 79, 10, 3
41, 3, 42, 0, 0
42, 3, 43, 0, 0
43, 3, 44, 0, 0
44, 1, 53, 0, 4
53, 3, 56, 0, 1
56, 1, 65, 0, 5
65, 3, 65, 0, 4
65, 3, 66, 0, 4
66, 3, 58, 0, 3
58, 1, 77, 0, 4
77, 3, 79, 0, 1
79, 1, 88, 0, 4
88, 3, 89, 0, 5
89, 1, 89, 10, 5
41, 3, 32, 0, 3
32, 1, 51, 0, 4
51, 3, 52, 0, 4
52, 3, 44, 0, 3
44, 1, 63, 0, 4
63, 3, 64, 0, 4
64, 3, 67, 0, 1
67, 3, 68, 0, 1
68, 3, 58, 0, 3
58, 1, 77, 0, 4
77, 3, 69, 0, 3
69, 1, 88, 0, 4
88, 3, 79, 0, 3
79, 1, 79, 10, 3
41, 3, 32, 0, 3
32, 1, 42, 0, 3
42, 3, 43, 0, 3
43, 3, 44, 0, 3
44, 1, 54, 0, 3
54, 3, 64, 0, 4
64, 3, 67, 0, 1
67, 3, 57, 0, 3
57, 1, 67, 0, 3
67, 3, 77, 0, 4
77, 3, 89, 0, 2
89, 1, 89, 0, 5
89, 1, 89, 10, 5
41, 3, 52, 0, 2
52, 3, 44, 0, 1
44, 1, 63, 0, 2
63, 3, 55, 0, 1
55, 1, 65, 0, 1
65, 3, 65, 0, 5
65, 3, 65, 0, 4
65, 3, 68, 0, 1
68, 3, 69, 0, 1
69, 1, 79, 0, 1
79, 1, 78, 0, 3
78, 1, 88, 0, 3
88, 3, 88, 10, 3
41, 3, 32, 0, 3
32, 1, 62, 0, 2
62, 3, 53, 0, 5
53, 3, 64, 0, 2
64, 3, 65, 0, 2
65, 3, 55, 0, 4
55, 1, 66, 0, 5
66, 3, 57, 0, 3
57, 1, 87, 0, 2
87, 3, 78, 0, 5
78, 1, 88, 0, 0
88, 3, 88, 0, 4
88, 3, 88, 0, 4
88, 3, 79, 0, 3
79, 1, 79, 10, 3
41, 3, 41, 0, 4
41, 3, 33, 0, 3
33, 1, 53, 0, 5
53, 3, 53, 0, 4
53, 3, 55, 0, 5
55, 1, 75, 0, 2
75, 3, 56, 0, 3
56, 1, 75, 0, 4
75, 3, 76, 0, 4
76, 3, 88, 0, 2
88, 3, 89, 0, 2
89, 1, 89, 0, 1
89, 1, 89, 10, 1
41, 3, 32, 0, 3
32, 1, 62, 0, 2
62, 3, 53, 0, 5
53, 3, 64, 0, 2
64, 3, 54, 0, 4
54, 3, 56, 0, 5
56, 1, 66, 0, 0
66, 3, 68, 0, 1
68, 3, 69, 0, 1
69, 1, 78, 0, 5
78, 1, 87, 0, 4
87, 3, 89, 0, 5
89, 1, 89, 10, 5
41, 3, 41, 0, 4
41, 3, 53, 0, 2
53, 3, 34, 0, 3
34, 1, 64, 0, 2
64, 3, 55, 0, 5
55, 1, 66, 0, 1
66, 3, 65, 0, 4
65, 3, 68, 0, 1
68, 3, 78, 0, 2
78, 1, 78, 0, 5
78, 1, 98, 0, 2
98, 3, 89, 0, 5
89, 1, 89, 10, 5
41, 3, 43, 0, 1
43, 3, 43, 0, 5
43, 3, 44, 0, 0
44, 1, 54, 0, 0
54, 3, 54, 0, 4
54, 3, 57, 0, 1
57, 1, 66, 0, 5
66, 3, 66, 0, 4
66, 3, 78, 0, 2
78, 1, 78, 0, 5
78, 1, 89, 0, 1
89, 1, 98, 0, 5
98, 3, 98, 10, 5
41, 3, 41, 0, 4
41, 3, 44, 0, 1
44, 1, 63, 0, 2
63, 3, 64, 0, 2
64, 3, 45, 0, 3
45, 1, 75, 0, 2
75, 3, 67, 0, 1
67, 3, 67, 0, 5
67, 3, 69, 0, 1
69, 1, 88, 0, 2
88, 3, 78, 0, 4
78, 1, 88, 0, 4
88, 3, 99, 0, 2
41, 3, 32, 0, 3
32, 1, 52, 0, 5
52, 3, 43, 0, 3
43, 3, 55, 0, 1
55, 1, 64, 0, 5
64, 3, 66, 0, 1
66, 3, 66, 0, 5
66, 3, 68, 0, 1
68, 3, 69, 0, 1
69, 1, 78, 0, 5
78, 1, 89, 0, 1
89, 1, 98, 0, 2
98, 3, 98, 10, 2
41, 3, 41, 0, 4
41, 3, 43, 0, 5
43, 3, 44, 0, 0
44, 1, 44, 0, 3
44, 1, 65, 0, 1
65, 3, 65, 0, 5
65, 3, 67, 0, 1
67, 3, 57, 0, 3
57, 1, 77, 0, 5
77, 3, 68, 0, 3
68, 3, 79, 0, 1
79, 1, 89, 0, 1
89, 1, 89, 10, 1
41, 3, 32, 0, 3
32, 1, 53, 0, 1
53, 3, 52, 0, 4
52, 3, 64, 0, 2
64, 3, 45, 0, 3
45, 1, 64, 0, 4
64, 3, 76, 0, 2
76, 3, 57, 0, 3
57, 1, 67, 0, 3
67, 3, 88, 0, 2
88, 3, 78, 0, 4
78, 1, 89, 0, 5
89, 1, 89, 10, 5
41, 3, 43, 0, 1
43, 3, 44, 0, 1
44, 1, 63, 0, 2
63, 3, 44, 0, 3
44, 1, 63, 0, 4
63, 3, 64, 0, 4
64, 3, 56, 0, 3
56, 1, 76, 0, 5
76, 3, 77, 0, 0
77, 3, 68, 0, 3
68, 3, 78, 0, 4
78, 1, 99, 0, 2
41, 3, 32, 0, 3
32, 1, 51, 0, 4
51, 3, 63, 0, 2
63, 3, 55, 0, 1
55, 1, 74, 0, 2
74, 3, 66, 0, 1
66, 3, 76, 0, 2
76, 3, 77, 0, 2
77, 3, 58, 0, 3
58, 1, 88, 0, 2
88, 3, 79, 0, 5
79, 1, 88, 0, 4
88, 3, 89, 0, 1
89, 1, 89, 10, 1
41, 3, 32, 0, 3
32, 1, 53, 0, 1
53, 3, 43, 0, 3
43, 3, 55, 0, 1
55, 1, 74, 0, 2
74, 3, 66, 0, 1
66, 3, 67, 0, 1
67, 3, 68, 0, 1
68, 3, 68, 0, 5
68, 3, 69, 0, 0
69, 1, 69, 0, 3
69, 1, 88, 0, 4
88, 3, 89, 0, 5
89, 1, 89, 10, 5
41, 3, 43, 0, 1
43, 3, 42, 0, 4
42, 3, 45, 0, 1
45, 1, 53, 0, 4
53, 3, 56, 0, 1
56, 1, 75, 0, 2
75, 3, 56, 0, 3
56, 1, 76, 0, 5
76, 3, 78, 0, 1
78, 1, 88, 0, 1
88, 3, 89, 0, 1
89, 1, 88, 0, 3
88, 3, 88, 10, 3
41, 3, 41, 0, 4
41, 3, 43, 0, 5
43, 3, 45, 0, 1
45, 1, 53, 0, 4
53, 3, 54, 0, 4
54, 3, 56, 0, 5
56, 1, 67, 0, 1
67, 3, 77, 0, 2
77, 3, 78, 0, 2
78, 1, 77, 0, 4
77, 3, 78, 0, 4
78, 1, 89, 0, 5
89, 1, 89, 10, 5
41, 3, 42, 0, 0
42, 3, 33, 0, 3
33, 1, 52, 0, 4
52, 3, 53, 0, 4
53, 3, 55, 0, 5
55, 1, 66, 0, 1
66, 3, 66, 0, 5
66, 3, 67, 0, 0
67, 3, 78, 0, 2
78, 1, 68, 0, 3
68, 3, 69, 0, 3
69, 1, 99, 0, 2
41, 3, 42, 0, 0
42, 3, 33, 0, 3
33, 1, 53, 0, 5
53, 3, 55, 0, 1
55, 1, 63, 0, 4
63, 3, 65, 0, 5
65, 3, 66, 0, 0
66, 3, 67, 0, 0
67, 3, 58, 0, 3
58, 1, 77, 0, 4
77, 3, 69, 0, 3
69, 1, 89, 0, 5
89, 1, 89, 10, 5
41, 3, 32, 0, 3
32, 1, 53, 0, 1
53, 3, 52, 0, 4
52, 3, 44, 0, 3
44, 1, 63, 0, 4
63, 3, 64, 0, 4
64, 3, 66, 0, 5
66, 3, 67, 0, 0
67, 3, 69, 0, 1
69, 1, 78, 0, 5
78, 1, 98, 0, 2
98, 3, 89, 0, 1
89, 1, 89, 10, 1
41, 3, 42, 0, 0
42, 3, 42, 0, 4
42, 3, 45, 0, 1
45, 1, 44, 0, 3
44, 1, 74, 0, 2
74, 3, 65, 0, 5
65, 3, 66, 0, 0
66, 3, 68, 0, 1
68, 3, 58, 0, 3
58, 1, 77, 0, 4
77, 3, 79, 0, 1
79, 1, 99, 0, 2
41, 3, 52, 0, 2
52, 3, 44, 0, 1
44, 1, 54, 0, 1
54, 3, 53, 0, 4
53, 3, 55, 0, 5
55, 1, 66, 0, 1
66, 3, 65, 0, 4
65, 3, 67, 0, 5
67, 3, 67, 0, 4
67, 3, 69, 0, 1
69, 1, 79, 0, 5
79, 1, 88, 0, 4
88, 3, 99, 0, 2
41, 3, 41, 0, 4
41, 3, 53, 0, 2
53, 3, 54, 0, 2
54, 3, 44, 0, 4
44, 1, 56, 0, 1
56, 1, 75, 0, 2
75, 3, 76, 0, 2
76, 3, 57, 0, 3
57, 1, 77, 0, 5
77, 3, 78, 0, 0
78, 1, 89, 0, 1
89, 1, 97, 0, 4
97, 0, 88, 0, 5
88, 3, 88, 0, 4
88, 3, 89, 0, 1
89, 1, 89, 10, 1
41, 3, 41, 0, 4
41, 3, 42, 0, 4
42, 3, 45, 0, 1
45, 1, 55, 0, 1
55, 1, 64, 0, 5
64, 3, 75, 0, 2
75, 3, 67, 0, 1
67, 3, 68, 0, 1
68, 3, 67, 0, 4
67, 3, 59, 0, 3
59, 1, 78, 0, 4
78, 1, 79, 0, 3
79, 1, 79, 10, 3
41, 3, 41, 0, 4
41, 3, 44, 0, 1
44, 1, 53, 0, 5
53, 3, 55, 0, 1
55, 1, 63, 0, 4
63, 3, 65, 0, 5
65, 3, 66, 0, 0
66, 3, 66, 0, 4
66, 3, 78, 0, 2
78, 1, 77, 0, 4
77, 3, 79, 0, 1
79, 1, 79, 0, 3
79, 1, 79, 10, 3
41, 3, 32, 0, 3
32, 1, 62, 0, 2
62, 3, 43, 0, 3
43, 3, 64, 0, 2
64, 3, 65, 0, 2
65, 3, 57, 0, 1
57, 1, 67, 0, 1
67, 3, 77, 0, 2
77, 3, 58, 0, 3
58, 1, 88, 0, 2
88, 3, 89, 0, 2
89, 1, 79, 0, 3
79, 1, 79, 10, 3
41, 3, 41, 0, 4
41, 3, 43, 0, 5
43, 3, 54, 0, 2
54, 3, 55, 0, 2
55, 1, 65, 0, 2
65, 3, 46, 0, 3
46, 1, 67, 0, 1
67, 3, 66, 0, 4
66, 3, 68, 0, 5
68, 3, 59, 0, 3
59, 1, 89, 0, 2
89, 1, 79, 0, 3
79, 1, 79, 10, 3
41, 3, 42, 0, 0
42, 3, 44, 0, 1
44, 1, 54, 0, 1
54, 3, 55, 0, 1
55, 1, 74, 0, 2
74, 3, 64, 0, 4
64, 3, 76, 0, 2
76, 3, 66, 0, 4
66, 3, 78, 0, 2
78, 1, 79, 0, 1
79, 1, 78, 0, 3
78, 1, 97, 0, 4
97, 0, 89, 0, 1
89, 1, 98, 0, 2
98, 3, 98, 10, 2
41, 3, 41, 0, 4
41, 3, 33, 0, 3
33, 1, 43, 0, 3
43, 3, 64, 0, 2
64, 3, 55, 0, 5
55, 1, 55, 0, 3
55, 1, 75, 0, 5
75, 3, 86, 0, 2
86, 3, 87, 0, 2
87, 3, 79, 0, 1
79, 1, 78, 0, 3
78, 1, 97, 0, 4
97, 0, 78, 0, 3
78, 1, 99, 0, 1
41, 3, 42, 0, 0
42, 3, 53, 0, 2
53, 3, 43, 0, 4
43, 3, 55, 0, 2
55, 1, 56, 0, 1
56, 1, 65, 0, 5
65, 3, 66, 0, 0
66, 3, 77, 0, 2
77, 3, 68, 0, 5
68, 3, 69, 0, 1
69, 1, 79, 0, 1
79, 1, 88, 0, 4
88, 3, 89, 0, 1
89, 1, 89, 10, 1
41, 3, 43, 0, 1
43, 3, 43, 0, 5
43, 3, 54, 0, 2
54, 3, 35, 0, 3
35, 1, 56, 0, 1
56, 1, 66, 0, 1
66, 3, 67, 0, 1
67, 3, 67, 0, 5
67, 3, 69, 0, 1
69, 1, 88, 0, 2
88, 3, 79, 0, 5
79, 1, 88, 0, 4
88, 3, 99, 0, 2
41, 3, 32, 0, 3
32, 1, 52, 0, 5
52, 3, 52, 0, 4
52, 3, 53, 0, 4
53, 3, 54, 0, 4
54, 3, 46, 0, 3
46, 1, 76, 0, 2
76, 3, 66, 0, 4
66, 3, 69, 0, 1
69, 1, 78, 0, 5
78, 1, 98, 0, 2
98, 3, 99, 0, 2
41, 3, 43, 0, 1
43, 3, 33, 0, 3
33, 1, 53, 0, 5
53, 3, 44, 0, 3
44, 1, 64, 0, 5
64, 3, 55, 0, 3
55, 1, 75, 0, 5
75, 3, 77, 0, 1
77, 3, 78, 0, 1
78, 1, 87, 0, 5
87, 3, 78, 0, 3
78, 1, 99, 0, 1
41, 3, 42, 0, 0
42, 3, 44, 0, 1
44, 1, 63, 0, 2
63, 3, 55, 0, 1
55, 1, 64, 0, 5
64, 3, 66, 0, 1
66, 3, 65, 0, 4
65, 3, 66, 0, 4
66, 3, 78, 0, 2
78, 1, 79, 0, 1
79, 1, 88, 0, 5
88, 3, 89, 0, 1
89, 1, 89, 10, 1
41, 3, 52, 0, 2
52, 3, 44, 0, 1
44, 1, 54, 0, 1
54, 3, 44, 0, 3
44, 1, 64, 0, 5
64, 3, 64, 0, 4
64, 3, 66, 0, 5
66, 3, 57, 0, 3
57, 1, 78, 0, 1
78, 1, 77, 0, 3
77, 3, 98, 0, 2
98, 3, 89, 0, 5
89, 1, 89, 10, 5
41, 3, 32, 0, 3
32, 1, 53, 0, 1
53, 3, 63, 0, 2
63, 3, 44, 0, 3
44, 1, 54, 0, 3
54, 3, 75, 0, 2
75, 3, 67, 0, 1
67, 3, 77, 0, 2
77, 3, 58, 0, 3
58, 1, 68, 0, 3
68, 3, 78, 0, 4
78, 1, 99, 0, 2
41, 3, 52, 0, 2
52, 3, 42, 0, 4
42, 3, 34, 0, 3
34, 1, 53, 0, 4
53, 3, 54, 0, 4
54, 3, 66, 0, 2
66, 3, 47, 0, 3
47, 3, 57, 0, 4
57, 1, 58, 0, 3
58, 1, 78, 0, 5
78, 1, 88, 0, 0
88, 3, 88, 0, 4
88, 3, 88, 0, 4
88, 3, 88, 0, 4
88, 3, 99, 0, 2
41, 3, 42, 0, 0
42, 3, 44, 0, 1
44, 1, 43, 0, 3
43, 3, 44, 0, 3
44, 1, 65, 0, 1
65, 3, 75, 0, 2
75, 3, 65, 0, 4
65, 3, 67, 0, 5
67, 3, 69, 0, 1
69, 1, 78, 0, 5
78, 1, 89, 0, 1
89, 1, 98, 0, 5
98, 3, 98, 10, 5
41, 3, 52, 0, 2
52, 3, 43, 0, 5
43, 3, 34, 0, 3
34, 1, 55, 0, 1
55, 1, 54, 0, 3
54, 3, 66, 0, 1
66, 3, 76, 0, 2
76, 3, 57, 0, 3
57, 1, 67, 0, 3
67, 3, 78, 0, 5
78, 1, 98, 0, 2
98, 3, 79, 0, 3
79, 1, 79, 10, 3
41, 3, 52, 0, 2
52, 3, 43, 0, 5
43, 3, 43, 0, 4
43, 3, 44, 0, 4
44, 1, 55, 0, 5
55, 1, 66, 0, 1
66, 3, 56, 0, 3
56, 1, 76, 0, 5
76, 3, 67, 0, 3
67, 3, 68, 0, 3
68, 3, 78, 0, 4
78, 1, 89, 0, 5
89, 1, 89, 10, 5
41, 3, 52, 0, 2
52, 3, 42, 0, 4
42, 3, 54, 0, 2
54, 3, 45, 0, 5
45, 1, 55, 0, 0
55, 1, 75, 0, 2
75, 3, 67, 0, 1
67, 3, 68, 0, 1
68, 3, 67, 0, 4
67, 3, 69, 0, 1
69, 1, 69, 0, 3
69, 1, 79, 0, 3
79, 1, 79, 10, 3
41, 3, 32, 0, 3
32, 1, 42, 0, 3
42, 3, 43, 0, 3
43, 3, 54, 0, 5
54, 3, 56, 0, 1
56, 1, 75, 0, 2
75, 3, 76, 0, 2
76, 3, 67, 0, 5
67, 3, 58, 0, 3
58, 1, 68, 0, 3
68, 3, 89, 0, 2
89, 1, 89, 0, 5
89, 1, 89, 10, 5
41, 3, 52, 0, 2
52, 3, 53, 0, 2
53, 3, 43, 0, 4
43, 3, 35, 0, 3
35, 1, 54, 0, 4
54, 3, 55, 0, 4
55, 1, 65, 0, 4
65, 3, 57, 0, 3
57, 1, 78, 0, 1
78, 1, 88, 0, 1
88, 3, 98, 0, 2
98, 3, 89, 0, 1
89, 1, 89, 10, 1
41, 3, 41, 0, 4
41, 3, 44, 0, 1
44, 1, 53, 0, 5
53, 3, 55, 0, 1
55, 1, 74, 0, 2
74, 3, 55, 0, 3
55, 1, 74, 0, 4
74, 3, 76, 0, 5
76, 3, 87, 0, 2
87, 3, 77, 0, 4
77, 3, 79, 0, 1
79, 1, 99, 0, 2
41, 3, 52, 0, 2
52, 3, 42, 0, 4
42, 3, 44, 0, 5
44, 1, 64, 0, 2
64, 3, 54, 0, 4
54, 3, 56, 0, 5
56, 1, 66, 0, 0
66, 3, 67, 0, 0
67, 3, 78, 0, 2
78, 1, 78, 0, 5
78, 1, 98, 0, 2
98, 3, 99, 0, 2
41, 3, 43, 0, 1
43, 3, 43, 0, 5
43, 3, 54, 0, 2
54, 3, 44, 0, 4
44, 1, 56, 0, 1
56, 1, 64, 0, 4
64, 3, 65, 0, 4
65, 3, 68, 0, 1
68, 3, 68, 0, 5
68, 3, 68, 0, 4
68, 3, 79, 0, 2
79, 1, 79, 0, 5
79, 1, 89, 0, 0
89, 1, 89, 10, 0
41, 3, 41, 0, 4
41, 3, 44, 0, 1
44, 1, 53, 0, 5
53, 3, 55, 0, 1
55, 1, 74, 0, 2
74, 3, 66, 0, 1
66, 3, 65, 0, 4
65, 3, 77, 0, 2
77, 3, 67, 0, 4
67, 3, 59, 0, 3
59, 1, 79, 0, 1
79, 1, 99, 0, 2
41, 3, 32, 0, 3
32, 1, 62, 0, 2
62, 3, 43, 0, 3
43, 3, 64, 0, 2
64, 3, 54, 0, 4
54, 3, 66, 0, 2
66, 3, 58, 0, 1
58, 1, 77, 0, 2
77, 3, 69, 0, 1
69, 1, 79, 0, 1
79, 1, 87, 0, 4
87, 3, 99, 0, 2
41, 3, 52, 0, 2
52, 3, 43, 0, 5
43, 3, 44, 0, 0
44, 1, 54, 0, 0
54, 3, 56, 0, 1
56, 1, 66, 0, 1
66, 3, 76, 0, 2
76, 3, 67, 0, 5
67, 3, 58, 0, 3
58, 1, 78, 0, 5
78, 1, 98, 0, 2
98, 3, 79, 0, 3
79, 1, 79, 10, 3
41, 3, 52, 0, 2
52, 3, 42, 0, 4
42, 3, 44, 0, 5
44, 1, 64, 0, 2
64, 3, 54, 0, 4
54, 3, 55, 0, 4
55, 1, 65, 0, 4
65, 3, 66, 0, 4
66, 3, 67, 0, 4
67, 3, 79, 0, 2
79, 1, 79, 0, 1
79, 1, 89, 0, 1
89, 1, 89, 10, 1
41, 3, 43, 0, 1
43, 3, 42, 0, 4
42, 3, 45, 0, 1
45, 1, 44, 0, 3
44, 1, 54, 0, 3
54, 3, 64, 0, 4
64, 3, 67, 0, 1
67, 3, 57, 0, 3
57, 1, 78, 0, 1
78, 1, 87, 0, 5
87, 3, 78, 0, 3
78, 1, 98, 0, 2
98, 3, 98, 10, 2
41, 3, 41, 0, 4
41, 3, 42, 0, 4
42, 3, 44, 0, 5
44, 1, 54, 0, 0
54, 3, 54, 0, 4
54, 3, 55, 0, 4
55, 1, 56, 0, 3
56, 1, 66, 0, 3
66, 3, 76, 0, 4
76, 3, 88, 0, 2
88, 3, 89, 0, 2
89, 1, 88, 0, 4
88, 3, 89, 0, 1
89, 1, 89, 10, 1
41, 3, 43, 0, 1
43, 3, 53, 0, 2
53, 3, 44, 0, 5
44, 1, 53, 0, 4
53, 3, 45, 0, 3
45, 1, 75, 0, 2
75, 3, 56, 0, 3
56, 1, 76, 0, 5
76, 3, 87, 0, 2
87, 3, 79, 0, 1
79, 1, 78, 0, 3
78, 1, 98, 0, 5
98, 3, 98, 10, 5
41, 3, 52, 0, 2
52, 3, 33, 0, 3
33, 1, 54, 0, 1
54, 3, 64, 0, 2
64, 3, 55, 0, 5
55, 1, 64, 0, 4
64, 3, 76, 0, 2
76, 3, 57, 0, 3
57, 1, 76, 0, 4
76, 3, 77, 0, 4
77, 3, 79, 0, 1
79, 1, 99, 0, 2
41, 3, 43, 0, 1
43, 3, 42, 0, 4
42, 3, 43, 0, 4
43, 3, 46, 0, 1
46, 1, 65, 0, 2
65, 3, 57, 0, 1
57, 1, 66, 0, 5
66, 3, 67, 0, 0
67, 3, 78, 0, 2
78, 1, 78, 0, 5
78, 1, 98, 0, 2
98, 3, 89, 0, 1
89, 1, 89, 10, 1
41, 3, 32, 0, 3
32, 1, 52, 0, 5
52, 3, 54, 0, 1
54, 3, 44, 0, 3
44, 1, 63, 0, 4
63, 3, 55, 0, 3
55, 1, 85, 0, 2
85, 3, 75, 0, 4
75, 3, 77, 0, 5
77, 3, 77, 0, 4
77, 3, 69, 0, 3
69, 1, 79, 0, 3
79, 1, 79, 10, 3
41, 3, 42, 0, 0
42, 3, 43, 0, 0
43, 3, 54, 0, 2
54, 3, 55, 0, 2
55, 1, 54, 0, 4
54, 3, 56, 0, 5
56, 1, 76, 0, 2
76, 3, 57, 0, 3
57, 1, 67, 0, 3
67, 3, 77, 0, 4
77, 3, 79, 0, 5
79, 1, 88, 0, 4
88, 3, 89, 0, 5
89, 1, 89, 10, 5
41, 3, 42, 0, 0
42, 3, 42, 0, 4
42, 3, 54, 0, 2
54, 3, 46, 0, 1
46, 1, 54, 0, 4
54, 3, 66, 0, 2
66, 3, 47, 0, 3
47, 3, 59, 0, 1
59, 1, 78, 0, 2
78, 1, 88, 0, 2
88, 3, 78, 0, 4
78, 1, 88, 0, 4
88, 3, 89, 0, 5
89, 1, 89, 10, 5
41, 3, 42, 0, 0
42, 3, 43, 0, 0
43, 3, 54, 0, 2
54, 3, 35, 0, 3
35, 1, 65, 0, 2
65, 3, 56, 0, 5
56, 1, 76, 0, 2
76, 3, 68, 0, 1
68, 3, 68, 0, 5
68, 3, 69, 0, 0
69, 1, 78, 0, 4
78, 1, 99, 0, 2
41, 3, 52, 0, 2
52, 3, 42, 0, 4
42, 3, 34, 0, 3
34, 1, 55, 0, 1
55, 1, 64, 0, 5
64, 3, 64, 0, 4
64, 3, 66, 0, 5
66, 3, 67, 0, 0
67, 3, 67, 0, 4
67, 3, 69, 0, 5
69, 1, 79, 0, 0
79, 1, 99, 0, 2
41, 3, 41, 0, 4
41, 3, 53, 0, 2
53, 3, 44, 0, 5
44, 1, 53, 0, 4
53, 3, 56, 0, 1
56, 1, 66, 0, 1
66, 3, 66, 0, 5
66, 3, 68, 0, 1
68, 3, 69, 0, 1
69, 1, 78, 0, 5
78, 1, 88, 0, 0
88, 3, 89, 0, 0
89, 1, 89, 10, 0
41, 3, 52, 0, 2
52, 3, 33, 0, 3
33, 1, 52, 0, 4
52, 3, 64, 0, 2
64, 3, 55, 0, 5
55, 1, 64, 0, 4
64, 3, 66, 0, 5
66, 3, 68, 0, 1
68, 3, 78, 0, 2
78, 1, 68, 0, 3
68, 3, 79, 0, 5
79, 1, 89, 0, 1
89, 1, 89, 10, 1
41, 3, 43, 0, 1
43, 3, 44, 0, 1
44, 1, 63, 0, 2
63, 3, 64, 0, 2
64, 3, 55, 0, 5
55, 1, 66, 0, 1
66, 3, 67, 0, 1
67, 3, 68, 0, 1
68, 3, 68, 0, 5
68, 3, 59, 0, 3
59, 1, 78, 0, 4
78, 1, 88, 0, 4
88, 3, 99, 0, 2
41, 3, 43, 0, 1
43, 3, 33, 0, 3
33, 1, 43, 0, 3
43, 3, 64, 0, 2
64, 3, 54, 0, 4
54, 3, 46, 0, 3
46, 1, 67, 0, 1
67, 3, 67, 0, 5
67, 3, 69, 0, 1
69, 1, 77, 0, 4
77, 3, 69, 0, 3
69, 1, 89, 0, 5
89, 1, 89, 10, 5
41, 3, 42, 0, 0
42, 3, 53, 0, 2
53, 3, 43, 0, 4
43, 3, 46, 0, 1
46, 1, 45, 0, 3
45, 1, 65, 0, 5
65, 3, 66, 0, 0
66, 3, 67, 0, 0
67, 3, 67, 0, 4
67, 3, 68, 0, 4
68, 3, 68, 0, 4
68, 3, 69, 0, 1
69, 1, 89, 0, 2
89, 1, 99, 0, 2
41, 3, 52, 0, 2
52, 3, 44, 0, 1
44, 1, 54, 0, 1
54, 3, 64, 0, 2
64, 3, 65, 0, 2
65, 3, 46, 0, 3
46, 1, 67, 0, 1
67, 3, 66, 0, 4
66, 3, 78, 0, 2
78, 1, 78, 0, 5
78, 1, 98, 0, 2
98, 3, 79, 0, 3
79, 1, 79, 10, 3
41, 3, 43, 0, 1
43, 3, 42, 0, 4
42, 3, 45, 0, 1
45, 1, 53, 0, 4
53, 3, 45, 0, 3
45, 1, 65, 0, 5
65, 3, 76, 0, 2
76, 3, 57, 0, 3
57, 1, 78, 0, 1
78, 1, 87, 0, 5
87, 3, 98, 0, 2
98, 3, 88, 0, 4
88, 3, 89, 0, 1
89, 1, 89, 10, 1
41, 3, 42, 0, 0
42, 3, 33, 0, 3
33, 1, 43, 0, 3
43, 3, 54, 0, 5
54, 3, 65, 0, 2
65, 3, 46, 0, 3
46, 1, 65, 0, 4
65, 3, 67, 0, 5
67, 3, 58, 0, 3
58, 1, 88, 0, 2
88, 3, 69, 0, 3
69, 1, 89, 0, 1
89, 1, 89, 10, 1
41, 3, 32, 0, 3
32, 1, 51, 0, 4
51, 3, 63, 0, 2
63, 3, 44, 0, 3
44, 1, 74, 0, 2
74, 3, 66, 0, 1
66, 3, 56, 0, 3
56, 1, 76, 0, 5
76, 3, 78, 0, 1
78, 1, 88, 0, 1
88, 3, 89, 0, 1
89, 1, 97, 0, 4
97, 0, 78, 0, 3
78, 1, 98, 0, 2
98, 3, 98, 10, 2
41, 3, 32, 0, 3
32, 1, 42, 0, 3
42, 3, 53, 0, 5
53, 3, 53, 0, 4
53, 3, 54, 0, 4
54, 3, 66, 0, 2
66, 3, 56, 0, 4
56, 1, 67, 0, 5
67, 3, 68, 0, 0
68, 3, 68, 0, 4
68, 3, 59, 0, 3
59, 1, 78, 0, 4
78, 1, 89, 0, 5
89, 1, 89, 10, 5
41, 3, 32, 0, 3
32, 1, 51, 0, 4
51, 3, 54, 0, 1
54, 3, 54, 0, 5
54, 3, 55, 0, 0
55, 1, 55, 0, 3
55, 1, 85, 0, 2
85, 3, 77, 0, 1
77, 3, 77, 0, 5
77, 3, 77, 0, 4
77, 3, 89, 0, 2
89, 1, 89, 0, 5
89, 1, 89, 10, 5
41, 3, 43, 0, 1
43, 3, 33, 0, 3
33, 1, 53, 0, 5
53, 3, 53, 0, 4
53, 3, 45, 0, 3
45, 1, 66, 0, 1
66, 3, 65, 0, 4
65, 3, 67, 0, 5
67, 3, 69, 0, 1
69, 1, 88, 0, 2
88, 3, 78, 0, 4
78, 1, 99, 0, 2
41, 3, 41, 0, 4
41, 3, 44, 0, 1
44, 1, 52, 0, 4
52, 3, 55, 0, 1
55, 1, 65, 0, 1
65, 3, 66, 0, 1
66, 3, 66, 0, 5
66, 3, 77, 0, 2
77, 3, 69, 0, 1
69, 1, 79, 0, 1
79, 1, 78, 0, 3
78, 1, 98, 0, 2
98, 3, 98, 10, 2
41, 3, 42, 0, 0
42, 3, 33, 0, 3
33, 1, 53, 0, 5
53, 3, 54, 0, 0
54, 3, 65, 0, 2
65, 3, 46, 0, 3
46, 1, 65, 0, 4
65, 3, 57, 0, 3
57, 1, 78, 0, 1
78, 1, 97, 0, 2
97, 0, 78, 0, 1
78, 1, 88, 0, 1
88, 3, 98, 0, 2
98, 3, 79, 0, 3
79, 1, 79, 10, 3
41, 3, 41, 0, 4
41, 3, 42, 0, 4
42, 3, 45, 0, 1
45, 1, 44, 0, 3
44, 1, 54, 0, 3
54, 3, 75, 0, 2
75, 3, 65, 0, 4
65, 3, 57, 0, 3
57, 1, 67, 0, 3
67, 3, 79, 0, 1
79, 1, 89, 0, 1
89, 1, 88, 0, 3
88, 3, 88, 10, 3
41, 3, 43, 0, 1
43, 3, 33, 0, 3
33, 1, 43, 0, 3
43, 3, 44, 0, 3
44, 1, 54, 0, 3
54, 3, 65, 0, 5
65, 3, 65, 0, 4
65, 3, 57, 0, 3
57, 1, 76, 0, 4
76, 3, 88, 0, 2
88, 3, 69, 0, 3
69, 1, 89, 0, 1
89, 1, 89, 10, 1
41, 3, 32, 0, 3
32, 1, 51, 0, 4
51, 3, 43, 0, 3
43, 3, 64, 0, 2
64, 3, 54, 0, 4
54, 3, 66, 0, 2
66, 3, 67, 0, 2
67, 3, 68, 0, 2
68, 3, 58, 0, 4
58, 1, 68, 0, 4
68, 3, 79, 0, 2
79, 1, 79, 0, 1
79, 1, 89, 0, 5
89, 1, 89, 10, 5
41, 3, 52, 0, 2
52, 3, 33, 0, 3
33, 1, 43, 0, 3
43, 3, 55, 0, 1
55, 1, 63, 0, 4
63, 3, 66, 0, 1
66, 3, 56, 0, 3
56, 1, 75, 0, 4
75, 3, 76, 0, 4
76, 3, 79, 0, 1
79, 1, 88, 0, 5
88, 3, 79, 0, 3
79, 1, 79, 10, 3
41, 3, 42, 0, 0
42, 3, 44, 0, 1
44, 1, 43, 0, 3
43, 3, 54, 0, 5
54, 3, 65, 0, 2
65, 3, 46, 0, 3
46, 1, 56, 0, 3
56, 1, 77, 0, 1
77, 3, 87, 0, 2
87, 3, 78, 0, 5
78, 1, 89, 0, 1
89, 1, 98, 0, 5
98, 3, 98, 10, 5
41, 3, 52, 0, 2
52, 3, 42, 0, 4
42, 3, 43, 0, 4
43, 3, 55, 0, 2
55, 1, 56, 0, 1
56, 1, 66, 0, 1
66, 3, 66, 0, 5
66, 3, 68, 0, 1
68, 3, 78, 0, 2
78, 1, 77, 0, 4
77, 3, 79, 0, 5
79, 1, 99, 0, 2
41, 3, 32, 0, 3
32, 1, 53, 0, 1
53, 3, 53, 0, 5
53, 3, 64, 0, 2
64, 3, 54, 0, 4
54, 3, 46, 0, 3
46, 1, 67, 0, 1
67, 3, 77, 0, 2
77, 3, 78, 0, 2
78, 1, 77, 0, 4
77, 3, 78, 0, 4
78, 1, 79, 0, 3
79, 1, 79, 10, 3
41, 3, 41, 0, 4
41, 3, 43, 0, 5
43, 3, 34, 0, 3
34, 1, 64, 0, 2
64, 3, 45, 0, 3
45, 1, 66, 0, 1
66, 3, 76, 0, 2
76, 3, 68, 0, 1
68, 3, 67, 0, 4
67, 3, 69, 0, 5
69, 1, 89, 0, 2
89, 1, 99, 0, 2
41, 3, 41, 0, 4
41, 3, 43, 0, 5
43, 3, 44, 0, 0
44, 1, 64, 0, 2
64, 3, 45, 0, 3
45, 1, 66, 0, 1
66, 3, 66, 0, 5
66, 3, 77, 0, 2
77, 3, 78, 0, 2
78, 1, 77, 0, 4
77, 3, 78, 0, 4
78, 1, 79, 0, 3
79, 1, 79, 10, 3
41, 3, 43, 0, 1
43, 3, 44, 0, 1
44, 1, 43, 0, 3
43, 3, 53, 0, 4
53, 3, 45, 0, 3
45, 1, 66, 0, 1
66, 3, 65, 0, 4
65, 3, 57, 0, 3
57, 1, 77, 0, 5
77, 3, 88, 0, 2
88, 3, 79, 0, 5
79, 1, 89, 0, 0
89, 1, 89, 10, 0
41, 3, 42, 0, 0
42, 3, 43, 0, 0
43, 3, 43, 0, 4
43, 3, 45, 0, 5
45, 1, 56, 0, 1
56, 1, 64, 0, 4
64, 3, 67, 0, 1
67, 3, 77, 0, 2
77, 3, 69, 0, 1
69, 1, 77, 0, 4
77, 3, 79, 0, 5
79, 1, 99, 0, 2
41, 3, 32, 0, 3
32, 1, 51, 0, 4
51, 3, 53, 0, 5
53, 3, 44, 0, 3
44, 1, 65, 0, 1
65, 3, 66, 0, 1
66, 3, 76, 0, 2
76, 3, 57, 0, 3
57, 1, 78, 0, 1
78, 1, 86, 0, 4
86, 3, 89, 0, 1
89, 1, 98, 0, 5
98, 3, 98, 10, 5
41, 3, 41, 0, 4
41, 3, 53, 0, 2
53, 3, 54, 0, 2
54, 3, 55, 0, 2
55, 1, 45, 0, 3
45, 1, 75, 0, 2
75, 3, 56, 0, 3
56, 1, 77, 0, 1
77, 3, 78, 0, 1
78, 1, 88, 0, 1
88, 3, 98, 0, 2
98, 3, 89, 0, 5
89, 1, 89, 10, 5
41, 3, 42, 0, 0
42, 3, 44, 0, 1
44, 1, 63, 0, 2
63, 3, 64, 0, 2
64, 3, 65, 0, 2
65, 3, 55, 0, 4
55, 1, 67, 0, 1
67, 3, 57, 0, 3
57, 1, 77, 0, 5
77, 3, 78, 0, 0
78, 1, 88, 0, 0
88, 3, 79, 0, 3
79, 1, 79, 10, 3
41, 3, 42, 0, 0
42, 3, 43, 0, 0
43, 3, 54, 0, 2
54, 3, 44, 0, 4
44, 1, 45, 0, 3
45, 1, 66, 0, 1
66, 3, 67, 0, 1
67, 3, 68, 0, 1
68, 3, 78, 0, 2
78, 1, 88, 0, 2
88, 3, 79, 0, 5
79, 1, 99, 0, 2
41, 3, 41, 0, 4
41, 3, 53, 0, 2
53, 3, 44, 0, 5
44, 1, 55, 0, 1
55, 1, 54, 0, 3
54, 3, 64, 0, 4
64, 3, 67, 0, 1
67, 3, 57, 0, 3
57, 1, 87, 0, 2
87, 3, 68, 0, 3
68, 3, 79, 0, 5
79, 1, 89, 0, 0
89, 1, 89, 10, 0
41, 3, 43, 0, 1
43, 3, 44, 0, 1
44, 1, 53, 0, 5
53, 3, 53, 0, 4
53, 3, 65, 0, 2
65, 3, 57, 0, 1
57, 1, 66, 0, 5
66, 3, 67, 0, 0
67, 3, 69, 0, 1
69, 1, 88, 0, 2
88, 3, 78, 0, 4
78, 1, 99, 0, 2
41, 3, 41, 0, 4
41, 3, 44, 0, 1
44, 1, 52, 0, 4
52, 3, 64, 0, 2
64, 3, 56, 0, 1
56, 1, 66, 0, 1
66, 3, 65, 0, 4
65, 3, 66, 0, 4
66, 3, 67, 0, 4
67, 3, 59, 0, 3
59, 1, 69, 0, 3
69, 1, 89, 0, 5
89, 1, 89, 10, 5
41, 3, 41, 0, 4
41, 3, 53, 0, 2
53, 3, 44, 0, 5
44, 1, 55, 0, 1
55, 1, 64, 0, 5
64, 3, 55, 0, 3
55, 1, 76, 0, 1
76, 3, 75, 0, 4
75, 3, 67, 0, 3
67, 3, 68, 0, 3
68, 3, 69, 0, 3
69, 1, 79, 0, 3
79, 1, 79, 10, 3
41, 3, 41, 0, 4
41, 3, 43, 0, 5
43, 3, 44, 0, 0
44, 1, 53, 0, 4
53, 3, 45, 0, 3
45, 1, 75, 0, 2
75, 3, 56, 0, 3
56, 1, 66, 0, 3
66, 3, 77, 0, 5
77, 3, 77, 0, 4
77, 3, 69, 0, 3
69, 1, 79, 0, 3
79, 1, 79, 10, 3
41, 3, 32, 0, 3
32, 1, 52, 0, 5
52, 3, 43, 0, 3
43, 3, 44, 0, 3
44, 1, 65, 0, 1
65, 3, 65, 0, 5
65, 3, 56, 0, 3
56, 1, 77, 0, 1
77, 3, 77, 0, 5
77, 3, 68, 0, 3
68, 3, 89, 0, 2
89, 1, 89, 0, 1
89, 1, 89, 10, 1
41, 3, 41, 0, 4
41, 3, 42, 0, 4
42, 3, 45, 0, 1
45, 1, 55, 0, 1
55, 1, 64, 0, 5
64, 3, 55, 0, 3
55, 1, 75, 0, 5
75, 3, 77, 0, 1
77, 3, 78, 0, 1
78, 1, 88, 0, 1
88, 3, 87, 0, 4
87, 3, 89, 0, 1
89, 1, 89, 10, 1
41, 3, 52, 0, 2
52, 3, 53, 0, 2
53, 3, 43, 0, 4
43, 3, 55, 0, 2
55, 1, 56, 0, 1
56, 1, 55, 0, 3
55, 1, 76, 0, 1
76, 3, 66, 0, 3
66, 3, 87, 0, 2
87, 3, 78, 0, 5
78, 1, 78, 0, 3
78, 1, 98, 0, 2
98, 3, 98, 10, 2
41, 3, 43, 0, 1
43, 3, 43, 0, 5
43, 3, 54, 0, 2
54, 3, 44, 0, 4
44, 1, 45, 0, 3
45, 1, 75, 0, 2
75, 3, 56, 0, 3
56, 1, 76, 0, 5
76, 3, 87, 0, 2
87, 3, 79, 0, 1
79, 1, 88, 0, 5
88, 3, 89, 0, 1
89, 1, 89, 10, 1
41, 3, 41, 0, 4
41, 3, 44, 0, 1
44, 1, 54, 0, 1
54, 3, 53, 0, 4
53, 3, 65, 0, 2
65, 3, 66, 0, 2
66, 3, 56, 0, 4
56, 1, 67, 0, 5
67, 3, 68, 0, 0
68, 3, 79, 0, 2
79, 1, 79, 0, 5
79, 1, 89, 0, 0
89, 1, 89, 10, 0
41, 3, 42, 0, 0
42, 3, 33, 0, 3
33, 1, 54, 0, 1
54, 3, 54, 0, 5
54, 3, 45, 0, 3
45, 1, 75, 0, 2
75, 3, 65, 0, 4
65, 3, 66, 0, 4
66, 3, 58, 0, 3
58, 1, 88, 0, 2
88, 3, 89, 0, 2
89, 1, 79, 0, 3
79, 1, 79, 10, 3
41, 3, 41, 0, 4
41, 3, 43, 0, 5
43, 3, 44, 0, 0
44, 1, 64, 0, 2
64, 3, 65, 0, 2
65, 3, 46, 0, 3
46, 1, 67, 0, 1
67, 3, 67, 0, 5
67, 3, 78, 0, 2
78, 1, 78, 0, 5
78, 1, 87, 0, 4
87, 3, 99, 0, 2
41, 3, 41, 0, 4
41, 3, 44, 0, 1
44, 1, 53, 0, 5
53, 3, 55, 0, 1
55, 1, 65, 0, 1
65, 3, 55, 0, 3
55, 1, 76, 0, 1
76, 3, 75, 0, 4
75, 3, 78, 0, 1
78, 1, 77, 0, 3
77, 3, 78, 0, 3
78, 1, 97, 0, 4
97, 0, 78, 0, 3
78, 1, 88, 0, 3
88, 3, 88, 10, 3
41, 3, 41, 0, 4
41, 3, 33, 0, 3
33, 1, 43, 0, 3
43, 3, 53, 0, 4
53, 3, 56, 0, 1
56, 1, 55, 0, 3
55, 1, 75, 0, 5
75, 3, 66, 0, 3
66, 3, 67, 0, 3
67, 3, 68, 0, 3
68, 3, 69, 0, 3
69, 1, 88, 0, 4
88, 3, 89, 0, 1
89, 1, 89, 10, 1
41, 3, 43, 0, 1
43, 3, 43, 0, 5
43, 3, 54, 0, 2
54, 3, 46, 0, 1
46, 1, 54, 0, 4
54, 3, 55, 0, 4
55, 1, 76, 0, 2
76, 3, 77, 0, 2
77, 3, 68, 0, 5
68, 3, 68, 0, 4
68, 3, 59, 0, 3
59, 1, 89, 0, 2
89, 1, 79, 0, 3
79, 1, 79, 10, 3
41, 3, 43, 0, 1
43, 3, 44, 0, 1
44, 1, 43, 0, 3
43, 3, 55, 0, 1
55, 1, 74, 0, 2
74, 3, 64, 0, 4
64, 3, 56, 0, 3
56, 1, 76, 0, 5
76, 3, 77, 0, 0
77, 3, 79, 0, 1
79, 1, 78, 0, 3
78, 1, 98, 0, 2
98, 3, 98, 10, 2
41, 3, 41, 0, 4
41, 3, 43, 0, 5
43, 3, 43, 0, 4
43, 3, 35, 0, 3
35, 1, 45, 0, 3
45, 1, 75, 0, 2
75, 3, 67, 0, 1
67, 3, 67, 0, 5
67, 3, 78, 0, 2
78, 1, 78, 0, 5
78, 1, 98, 0, 2
98, 3, 99, 0, 2
41, 3, 32, 0, 3
32, 1, 52, 0, 5
52, 3, 52, 0, 4
52, 3, 44, 0, 3
44, 1, 74, 0, 2
74, 3, 75, 0, 2
75, 3, 56, 0, 3
56, 1, 76, 0, 5
76, 3, 77, 0, 0
77, 3, 79, 0, 1
79, 1, 88, 0, 5
88, 3, 99, 0, 2
41, 3, 41, 0, 4
41, 3, 42, 0, 4
42, 3, 54, 0, 2
54, 3, 35, 0, 3
35, 1, 65, 0, 2
65, 3, 46, 0, 3
46, 1, 66, 0, 5
66, 3, 68, 0, 1
68, 3, 69, 0, 1
69, 1, 88, 0, 2
88, 3, 79, 0, 5
79, 1, 89, 0, 1
89, 1, 89, 10, 1
41, 3, 43, 0, 1
43, 3, 42, 0, 4
42, 3, 54, 0, 2
54, 3, 55, 0, 2
55, 1, 56, 0, 1
56, 1, 55, 0, 3
55, 1, 76, 0, 1
76, 3, 77, 0, 1
77, 3, 77, 0, 5
77, 3, 78, 0, 0
78, 1, 98, 0, 2
98, 3, 89, 0, 5
89, 1, 89, 10, 5
41, 3, 52, 0, 2
52, 3, 43, 0, 5
43, 3, 44, 0, 0
44, 1, 55, 0, 1
55, 1, 65, 0, 1
65, 3, 75, 0, 2
75, 3, 67, 0, 1
67, 3, 77, 0, 2
77, 3, 69, 0, 1
69, 1, 79, 0, 1
79, 1, 87, 0, 4
87, 3, 89, 0, 5
89, 1, 89, 10, 5
41, 3, 41, 0, 4
41, 3, 44, 0, 1
44, 1, 53, 0, 5
53, 3, 44, 0, 3
44, 1, 74, 0, 2
74, 3, 66, 0, 1
66, 3, 56, 0, 3
56, 1, 76, 0, 5
76, 3, 87, 0, 2
87, 3, 77, 0, 4
77, 3, 78, 0, 4
78, 1, 89, 0, 5
89, 1, 89, 10, 5
41, 3, 32, 0, 3
32, 1, 53, 0, 1
53, 3, 63, 0, 2
63, 3, 64, 0, 2
64, 3, 54, 0, 4
54, 3, 46, 0, 3
46, 1, 56, 0, 3
56, 1, 77, 0, 1
77, 3, 67, 0, 3
67, 3, 78, 0, 5
78, 1, 98, 0, 2
98, 3, 89, 0, 5
89, 1, 89, 10, 5
41, 3, 32, 0, 3
32, 1, 42, 0, 3
42, 3, 52, 0, 4
52, 3, 54, 0, 5
54, 3, 56, 0, 1
56, 1, 75, 0, 2
75, 3, 66, 0, 5
66, 3, 77, 0, 2
77, 3, 68, 0, 5
68, 3, 69, 0, 1
69, 1, 89, 0, 2
89, 1, 88, 0, 4
88, 3, 99, 0, 2
41, 3, 43, 0, 1
43, 3, 33, 0, 3
33, 1, 63, 0, 2
63, 3, 54, 0, 5
54, 3, 45, 0, 3
45, 1, 66, 0, 1
66, 3, 67, 0, 1
67, 3, 67, 0, 5
67, 3, 68, 0, 0
68, 3, 79, 0, 2
79, 1, 79, 0, 1
79, 1, 88, 0, 4
88, 3, 89, 0, 5
89, 1, 89, 10, 5
41, 3, 52, 0, 2
52, 3, 53, 0, 2
53, 3, 54, 0, 2
54, 3, 55, 0, 2
55, 1, 56, 0, 1
56, 1, 65, 0, 5
65, 3, 67, 0, 1
67, 3, 67, 0, 5
67, 3, 58, 0, 3
58, 1, 77, 0, 4
77, 3, 69, 0, 3
69, 1, 99, 0, 2
41, 3, 41, 0, 4
41, 3, 53, 0, 2
53, 3, 45, 0, 1
45, 1, 53, 0, 4
53, 3, 45, 0, 3
45, 1, 64, 0, 4
64, 3, 67, 0, 1
67, 3, 57, 0, 3
57, 1, 77, 0, 5
77, 3, 88, 0, 2
88, 3, 89, 0, 2
89, 1, 79, 0, 3
79, 1, 79, 10, 3
41, 3, 32, 0, 3
32, 1, 52, 0, 5
52, 3, 63, 0, 2
63, 3, 53, 0, 4
53, 3, 56, 0, 1
56, 1, 64, 0, 4
64, 3, 65, 0, 4
65, 3, 67, 0, 5
67, 3, 68, 0, 0
68, 3, 68, 0, 4
68, 3, 59, 0, 3
59, 1, 69, 0, 3
69, 1, 99, 0, 2
41, 3, 42, 0, 0
42, 3, 43, 0, 0
43, 3, 54, 0, 2
54, 3, 55, 0, 2
55, 1, 55, 0, 5
55, 1, 75, 0, 2
75, 3, 65, 0, 4
65, 3, 67, 0, 5
67, 3, 58, 0, 3
58, 1, 68, 0, 3
68, 3, 79, 0, 1
79, 1, 89, 0, 1
89, 1, 89, 10, 1
41, 3, 43, 0, 1
43, 3, 42, 0, 4
42, 3, 43, 0, 4
43, 3, 55, 0, 2
55, 1, 56, 0, 1
56, 1, 75, 0, 2
75, 3, 76, 0, 2
76, 3, 67, 0, 5
67, 3, 69, 0, 1
69, 1, 78, 0, 5
78, 1, 98, 0, 2
98, 3, 99, 0, 2
41, 3, 43, 0, 1
43, 3, 43, 0, 5
43, 3, 34, 0, 3
34, 1, 53, 0, 4
53, 3, 56, 0, 1
56, 1, 65, 0, 5
65, 3, 76, 0, 2
76, 3, 67, 0, 5
67, 3, 68, 0, 0
68, 3, 69, 0, 0
69, 1, 89, 0, 2
89, 1, 89, 0, 1
89, 1, 89, 10, 1
41, 3, 52, 0, 2
52, 3, 42, 0, 4
42, 3, 54, 0, 2
54, 3, 44, 0, 4
44, 1, 56, 0, 1
56, 1, 65, 0, 5
65, 3, 67, 0, 1
67, 3, 57, 0, 3
57, 1, 76, 0, 4
76, 3, 77, 0, 4
77, 3, 78, 0, 4
78, 1, 88, 0, 4
88, 3, 88, 0, 4
88, 3, 99, 0, 2
41, 3, 42, 0, 0
42, 3, 43, 0, 0
43, 3, 44, 0, 0
44, 1, 54, 0, 0
54, 3, 56, 0, 1
56, 1, 64, 0, 4
64, 3, 76, 0, 2
76, 3, 68, 0, 1
68, 3, 69, 0, 1
69, 1, 68, 0, 3
68, 3, 79, 0, 5
79, 1, 88, 0, 4
88, 3, 88, 0, 4
88, 3, 79, 0, 3
79, 1, 79, 10, 3
41, 3, 43, 0, 1
43, 3, 44, 0, 1
44, 1, 52, 0, 4
52, 3, 64, 0, 2
64, 3, 45, 0, 3
45, 1, 65, 0, 5
65, 3, 76, 0, 2
76, 3, 77, 0, 2
77, 3, 68, 0, 5
68, 3, 69, 0, 1
69, 1, 79, 0, 5
79, 1, 89, 0, 1
89, 1, 89, 10, 1
41, 3, 32, 0, 3
32, 1, 52, 0, 5
52, 3, 54, 0, 1
54, 3, 53, 0, 4
53, 3, 45, 0, 3
45, 1, 65, 0, 5
65, 3, 65, 0, 4
65, 3, 67, 0, 5
67, 3, 58, 0, 3
58, 1, 77, 0, 4
77, 3, 78, 0, 4
78, 1, 89, 0, 1
89, 1, 89, 10, 1
41, 3, 32, 0, 3
32, 1, 52, 0, 5
52, 3, 53, 0, 0
53, 3, 64, 0, 2
64, 3, 45, 0, 3
45, 1, 55, 0, 3
55, 1, 76, 0, 1
76, 3, 75, 0, 4
75, 3, 87, 0, 2
87, 3, 78, 0, 5
78, 1, 98, 0, 2
98, 3, 79, 0, 3
79, 1, 79, 10, 3
41, 3, 52, 0, 2
52, 3, 53, 0, 2
53, 3, 43, 0, 4
43, 3, 46, 0, 1
46, 1, 56, 0, 1
56, 1, 64, 0, 4
64, 3, 76, 0, 2
76, 3, 68, 0, 1
68, 3, 69, 0, 1
69, 1, 88, 0, 2
88, 3, 78, 0, 4
78, 1, 89, 0, 5
89, 1, 89, 10, 5
41, 3, 43, 0, 1
43, 3, 33, 0, 3
33, 1, 52, 0, 4
52, 3, 64, 0, 2
64, 3, 55, 0, 5
55, 1, 75, 0, 2
75, 3, 65, 0, 4
65, 3, 77, 0, 2
77, 3, 67, 0, 4
67, 3, 79, 0, 2
79, 1, 79, 0, 5
79, 1, 88, 0, 4
88, 3, 99, 0, 2
41, 3, 52, 0, 2
52, 3, 44, 0, 1
44, 1, 54, 0, 1
54, 3, 64, 0, 2
64, 3, 55, 0, 5
55, 1, 55, 0, 3
55, 1, 74, 0, 4
74, 3, 76, 0, 5
76, 3, 78, 0, 1
78, 1, 97, 0, 2
97, 0, 67, 0, 3
67, 3, 88, 0, 2
88, 3, 79, 0, 5
79, 1, 88, 0, 4
88, 3, 89, 0, 1
89, 1, 89, 10, 1
41, 3, 52, 0, 2
52, 3, 43, 0, 5
43, 3, 34, 0, 3
34, 1, 55, 0, 1
55, 1, 54, 0, 3
54, 3, 75, 0, 2
75, 3, 67, 0, 1
67, 3, 57, 0, 3
57, 1, 77, 0, 5
77, 3, 79, 0, 1
79, 1, 78, 0, 3
78, 1, 98, 0, 2
98, 3, 98, 10, 2
41, 3, 32, 0, 3
32, 1, 53, 0, 1
53, 3, 63, 0, 2
63, 3, 44, 0, 3
44, 1, 54, 0, 3
54, 3, 66, 0, 1
66, 3, 65, 0, 4
65, 3, 68, 0, 1
68, 3, 78, 0, 2
78, 1, 77, 0, 4
77, 3, 79, 0, 1
79, 1, 89, 0, 5
89, 1, 89, 10, 5
41, 3, 41, 0, 4
41, 3, 43, 0, 5
43, 3, 34, 0, 3
34, 1, 55, 0, 1
55, 1, 64, 0, 5
64, 3, 75, 0, 2
75, 3, 67, 0, 1
67, 3, 77, 0, 2
77, 3, 58, 0, 3
58, 1, 77, 0, 4
77, 3, 79, 0, 1
79, 1, 99, 0, 2
41, 3, 42, 0, 0
42, 3, 33, 0, 3
33, 1, 43, 0, 3
43, 3, 64, 0, 2
64, 3, 45, 0, 3
45, 1, 66, 0, 1
66, 3, 66, 0, 5
66, 3, 66, 0, 4
66, 3, 68, 0, 5
68, 3, 68, 0, 4
68, 3, 79, 0, 2
79, 1, 79, 0, 5
79, 1, 79, 0, 3
79, 1, 79, 10, 3
41, 3, 32, 0, 3
32, 1, 52, 0, 5
52, 3, 52, 0, 4
52, 3, 64, 0, 2
64, 3, 65, 0, 2
65, 3, 57, 0, 1
57, 1, 76, 0, 2
76, 3, 67, 0, 5
67, 3, 58, 0, 3
58, 1, 78, 0, 5
78, 1, 78, 0, 3
78, 1, 88, 0, 3
88, 3, 88, 10, 3
41, 3, 32, 0, 3
32, 1, 53, 0, 1
53, 3, 63, 0, 2
63, 3, 55, 0, 1
55, 1, 54, 0, 3
54, 3, 64, 0, 4
64, 3, 56, 0, 3
56, 1, 75, 0, 4
75, 3, 87, 0, 2
87, 3, 78, 0, 5
78, 1, 78, 0, 3
78, 1, 97, 0, 4
97, 0, 89, 0, 1
89, 1, 97, 0, 4
97, 0, 98, 0, 2
98, 3, 99, 0, 2
41, 3, 41, 0, 4
41, 3, 53, 0, 2
53, 3, 54, 0, 2
54, 3, 55, 0, 2
55, 1, 55, 0, 5
55, 1, 64, 0, 4
64, 3, 67, 0, 1
67, 3, 67, 0, 5
67, 3, 78, 0, 2
78, 1, 77, 0, 4
77, 3, 79, 0, 1
79, 1, 99, 0, 2
41, 3, 42, 0, 0
42, 3, 44, 0, 1
44, 1, 52, 0, 4
52, 3, 54, 0, 5
54, 3, 55, 0, 0
55, 1, 65, 0, 0
65, 3, 67, 0, 1
67, 3, 66, 0, 4
66, 3, 69, 0, 1
69, 1, 77, 0, 4
77, 3, 79, 0, 5
79, 1, 99, 0, 2
41, 3, 43, 0, 1
43, 3, 33, 0, 3
33, 1, 54, 0, 1
54, 3, 53, 0, 4
53, 3, 65, 0, 2
65, 3, 57, 0, 1
57, 1, 66, 0, 5
66, 3, 77, 0, 2
77, 3, 68, 0, 5
68, 3, 68, 0, 4
68, 3, 69, 0, 1
69, 1, 89, 0, 2
89, 1, 89, 0, 5
89, 1, 89, 10, 5
41, 3, 32, 0, 3
32, 1, 53, 0, 1
53, 3, 43, 0, 3
43, 3, 55, 0, 1
55, 1, 74, 0, 2
74, 3, 64, 0, 4
64, 3, 65, 0, 4
65, 3, 66, 0, 4
66, 3, 58, 0, 3
58, 1, 79, 0, 1
79, 1, 87, 0, 4
87, 3, 89, 0, 5
89, 1, 89, 10, 5
41, 3, 43, 0, 1
43, 3, 44, 0, 1
44, 1, 54, 0, 1
54, 3, 44, 0, 3
44, 1, 65, 0, 1
65, 3, 65, 0, 5
65, 3, 76, 0, 2
76, 3, 66, 0, 4
66, 3, 58, 0, 3
58, 1, 79, 0, 1
79, 1, 98, 0, 2
98, 3, 79, 0, 3
79, 1, 79, 10, 3
41, 3, 32, 0, 3
32, 1, 42, 0, 3
42, 3, 43, 0, 3
43, 3, 53, 0, 4
53, 3, 45, 0, 3
45, 1, 64, 0, 4
64, 3, 76, 0, 2
76, 3, 57, 0, 3
57, 1, 76, 0, 4
76, 3, 78, 0, 5
78, 1, 88, 0, 0
88, 3, 79, 0, 3
79, 1, 79, 10, 3
41, 3, 41, 0, 4
41, 3, 53, 0, 2
53, 3, 43, 0, 4
43, 3, 35, 0, 3
35, 1, 55, 0, 5
55, 1, 75, 0, 2
75, 3, 65, 0, 4
65, 3, 57, 0, 3
57, 1, 77, 0, 5
77, 3, 79, 0, 1
79, 1, 87, 0, 4
87, 3, 89, 0, 5
89, 1, 89, 10, 5
41, 3, 42, 0, 0
42, 3, 43, 0, 0
43, 3, 54, 0, 2
54, 3, 45, 0, 5
45, 1, 65, 0, 2
65, 3, 56, 0, 5
56, 1, 56, 0, 3
56, 1, 76, 0, 5
76, 3, 77, 0, 0
77, 3, 77, 0, 4
77, 3, 78, 0, 4
78, 1, 89, 0, 1
89, 1, 89, 10, 1
41, 3, 42, 0, 0
42, 3, 33, 0, 3
33, 1, 53, 0, 5
53, 3, 53, 0, 4
53, 3, 54, 0, 4
54, 3, 56, 0, 5
56, 1, 67, 0, 1
67, 3, 68, 0, 1
68, 3, 68, 0, 5
68, 3, 69, 0, 0
69, 1, 69, 0, 3
69, 1, 89, 0, 1
89, 1, 89, 10, 1
41, 3, 41, 0, 4
41, 3, 33, 0, 3
33, 1, 63, 0, 2
63, 3, 44, 0, 3
44, 1, 64, 0, 5
64, 3, 66, 0, 1
66, 3, 65, 0, 4
65, 3, 77, 0, 2
77, 3, 68, 0, 5
68, 3, 69, 0, 0
69, 1, 79, 0, 0
79, 1, 99, 0, 2
41, 3, 42, 0, 0
42, 3, 43, 0, 0
43, 3, 54, 0, 2
54, 3, 44, 0, 4
44, 1, 45, 0, 3
45, 1, 75, 0, 2
75, 3, 76, 0, 2
76, 3, 77, 0, 2
77, 3, 67, 0, 4
67, 3, 69, 0, 1
69, 1, 79, 0, 1
79, 1, 89, 0, 1
89, 1, 89, 10, 1
41, 3, 42, 0, 0
42, 3, 44, 0, 1
44, 1, 43, 0, 3
43, 3, 44, 0, 3
44, 1, 63, 0, 4
63, 3, 75, 0, 2
75, 3, 76, 0, 2
76, 3, 68, 0, 1
68, 3, 69, 0, 1
69, 1, 79, 0, 1
79, 1, 88, 0, 5
88, 3, 89, 0, 0
89, 1, 89, 10, 0
41, 3, 41, 0, 4
41, 3, 33, 0, 3
33, 1, 63, 0, 2
63, 3, 54, 0, 5
54, 3, 55, 0, 0
55, 1, 66, 0, 1
66, 3, 56, 0, 3
56, 1, 77, 0, 1
77, 3, 77, 0, 5
77, 3, 78, 0, 0
78, 1, 78, 0, 3
78, 1, 98, 0, 5
98, 3, 98, 10, 5
41, 3, 32, 0, 3
32, 1, 42, 0, 3
42, 3, 53, 0, 5
53, 3, 44, 0, 3
44, 1, 74, 0, 2
74, 3, 55, 0, 3
55, 1, 75, 0, 5
75, 3, 75, 0, 4
75, 3, 78, 0, 1
78, 1, 88, 0, 1
88, 3, 89, 0, 1
89, 1, 97, 0, 4
97, 0, 98, 0, 2
98, 3, 89, 0, 5
89, 1, 89, 10, 5
41, 3, 32, 0, 3
32, 1, 51, 0, 4
51, 3, 53, 0, 5
53, 3, 44, 0, 3
44, 1, 63, 0, 4
63, 3, 64, 0, 4
64, 3, 65, 0, 4
65, 3, 66, 0, 4
66, 3, 78, 0, 2
78, 1, 88, 0, 2
88, 3, 79, 0, 1
79, 1, 89, 0, 1
89, 1, 89, 10, 1
41, 3, 42, 0, 0
42, 3, 53, 0, 2
53, 3, 43, 0, 4
43, 3, 35, 0, 3
35, 1, 55, 0, 5
55, 1, 66, 0, 1
66, 3, 56, 0, 3
56, 1, 66, 0, 3
66, 3, 77, 0, 5
77, 3, 88, 0, 2
88, 3, 78, 0, 4
78, 1, 99, 0, 2
41, 3, 42, 0, 0
42, 3, 44, 0, 1
44, 1, 53, 0, 5
53, 3, 44, 0, 3
44, 1, 64, 0, 5
64, 3, 66, 0, 1
66, 3, 66, 0, 5
66, 3, 67, 0, 0
67, 3, 68, 0, 0
68, 3, 69, 0, 0
69, 1, 79, 0, 1
79, 1, 88, 0, 4
88, 3, 89, 0, 1
89, 1, 89, 10, 1
41, 3, 42, 0, 0
42, 3, 42, 0, 4
42, 3, 54, 0, 2
54, 3, 45, 0, 5
45, 1, 55, 0, 0
55, 1, 64, 0, 4
64, 3, 66, 0, 5
66, 3, 67, 0, 0
67, 3, 69, 0, 1
69, 1, 78, 0, 5
78, 1, 89, 0, 1
89, 1, 88, 0, 3
88, 3, 88, 10, 3
41, 3, 52, 0, 2
52, 3, 44, 0, 1
44, 1, 53, 0, 5
53, 3, 64, 0, 2
64, 3, 56, 0, 1
56, 1, 66, 0, 1
66, 3, 76, 0, 2
76, 3, 77, 0, 2
77, 3, 58, 0, 3
58, 1, 77, 0, 4
77, 3, 78, 0, 4
78, 1, 89, 0, 1
89, 1, 89, 10, 1
41, 3, 42, 0, 0
42, 3, 53, 0, 2
53, 3, 43, 0, 4
43, 3, 55, 0, 2
55, 1, 65, 0, 2
65, 3, 46, 0, 3
46, 1, 56, 0, 3
56, 1, 77, 0, 1
77, 3, 67, 0, 3
67, 3, 68, 0, 3
68, 3, 69, 0, 3
69, 1, 89, 0, 5
89, 1, 89, 10, 5
41, 3, 42, 0, 0
42, 3, 53, 0, 2
53, 3, 45, 0, 1
45, 1, 53, 0, 4
53, 3, 56, 0, 1
56, 1, 64, 0, 4
64, 3, 67, 0, 1
67, 3, 66, 0, 4
66, 3, 68, 0, 5
68, 3, 79, 0, 2
79, 1, 69, 0, 3
69, 1, 89, 0, 1
89, 1, 89, 10, 1
41, 3, 32, 0, 3
32, 1, 42, 0, 3
42, 3, 52, 0, 4
52, 3, 54, 0, 5
54, 3, 45, 0, 3
45, 1, 75, 0, 2
75, 3, 76, 0, 2
76, 3, 57, 0, 3
57, 1, 76, 0, 4
76, 3, 78, 0, 5
78, 1, 87, 0, 4
87, 3, 89, 0, 5
89, 1, 89, 10, 5
41, 3, 42, 0, 0
42, 3, 43, 0, 0
43, 3, 45, 0, 1
45, 1, 55, 0, 1
55, 1, 63, 0, 4
63, 3, 75, 0, 2
75, 3, 65, 0, 4
65, 3, 57, 0, 3
57, 1, 67, 0, 3
67, 3, 68, 0, 3
68, 3, 79, 0, 5
79, 1, 89, 0, 1
89, 1, 89, 10, 1
41, 3, 41, 0, 4
41, 3, 44, 0, 1
44, 1, 54, 0, 1
54, 3, 53, 0, 4
53, 3, 65, 0, 2
65, 3, 66, 0, 2
66, 3, 67, 0, 2
67, 3, 48, 0, 3
48, 1, 69, 0, 1
69, 1, 79, 0, 1
79, 1, 78, 0, 3
78, 1, 97, 0, 4
97, 0, 98, 0, 2
98, 3, 99, 0, 2
41, 3, 32, 0, 3
32, 1, 62, 0, 2
62, 3, 43, 0, 3
43, 3, 64, 0, 2
64, 3, 65, 0, 2
65, 3, 57, 0, 1
57, 1, 56, 0, 3
56, 1, 77, 0, 1
77, 3, 77, 0, 5
77, 3, 79, 0, 1
79, 1, 88, 0, 5
88, 3, 89, 0, 0
89, 1, 89, 10, 0
41, 3, 42, 0, 0
42, 3, 43, 0, 0
43, 3, 54, 0, 2
54, 3, 44, 0, 4
44, 1, 45, 0, 3
45, 1, 75, 0, 2
75, 3, 76, 0, 2
76, 3, 57, 0, 3
57, 1, 76, 0, 4
76, 3, 77, 0, 4
77, 3, 78, 0, 4
78, 1, 89, 0, 5
89, 1, 89, 10, 5
41, 3, 32, 0, 3
32, 1, 52, 0, 5
52, 3, 63, 0, 2
63, 3, 64, 0, 2
64, 3, 45, 0, 3
45, 1, 66, 0, 1
66, 3, 66, 0, 5
66, 3, 66, 0, 4
66, 3, 69, 0, 1
69, 1, 79, 0, 1
79, 1, 78, 0, 3
78, 1, 98, 0, 5
98, 3, 98, 10, 5
41, 3, 32, 0, 3
32, 1, 51, 0, 4
51, 3, 43, 0, 3
43, 3, 44, 0, 3
44, 1, 63, 0, 4
63, 3, 55, 0, 3
55, 1, 75, 0, 5
75, 3, 75, 0, 4
75, 3, 78, 0, 1
78, 1, 77, 0, 3
77, 3, 89, 0, 1
89, 1, 98, 0, 5
98, 3, 98, 10, 5
41, 3, 52, 0, 2
52, 3, 44, 0, 1
44, 1, 53, 0, 5
53, 3, 44, 0, 3
44, 1, 74, 0, 2
74, 3, 55, 0, 3
55, 1, 85, 0, 2
85, 3, 66, 0, 3
66, 3, 76, 0, 4
76, 3, 68, 0, 3
68, 3, 79, 0, 1
79, 1, 99, 0, 2
41, 3, 43, 0, 1
43, 3, 43, 0, 5
43, 3, 44, 0, 0
44, 1, 54, 0, 0
54, 3, 56, 0, 1
56, 1, 66, 0, 1
66, 3, 66, 0, 5
66, 3, 67, 0, 0
67, 3, 68, 0, 0
68, 3, 79, 0, 2
79, 1, 69, 0, 3
69, 1, 88, 0, 4
88, 3, 88, 0, 4
88, 3, 89, 0, 5
89, 1, 89, 10, 5
41, 3, 41, 0, 4
41, 3, 33, 0, 3
33, 1, 53, 0, 5
53, 3, 54, 0, 0
54, 3, 65, 0, 2
65, 3, 46, 0, 3
46, 1, 56, 0, 3
56, 1, 66, 0, 3
66, 3, 77, 0, 5
77, 3, 68, 0, 3
68, 3, 78, 0, 4
78, 1, 79, 0, 3
79, 1, 79, 10, 3
41, 3, 42, 0, 0
42, 3, 43, 0, 0
43, 3, 44, 0, 0
44, 1, 64, 0, 2
64, 3, 45, 0, 3
45, 1, 64, 0, 4
64, 3, 67, 0, 1
67, 3, 66, 0, 4
66, 3, 68, 0, 5
68, 3, 59, 0, 3
59, 1, 79, 0, 5
79, 1, 99, 0, 2
41, 3, 32, 0, 3
32, 1, 52, 0, 5
52, 3, 43, 0, 3
43, 3, 44, 0, 3
44, 1, 54, 0, 3
54, 3, 66, 0, 1
66, 3, 65, 0, 4
65, 3, 77, 0, 2
77, 3, 58, 0, 3
58, 1, 77, 0, 4
77, 3, 69, 0, 3
69, 1, 89, 0, 1
89, 1, 89, 10, 1
41, 3, 52, 0, 2
52, 3, 44, 0, 1
44, 1, 43, 0, 3
43, 3, 64, 0, 2
64, 3, 55, 0, 5
55, 1, 65, 0, 0
65, 3, 67, 0, 1
67, 3, 68, 0, 1
68, 3, 58, 0, 3
58, 1, 77, 0, 4
77, 3, 69, 0, 3
69, 1, 99, 0, 2
41, 3, 42, 0, 0
42, 3, 33, 0, 3
33, 1, 43, 0, 3
43, 3, 44, 0, 3
44, 1, 65, 0, 1
65, 3, 65, 0, 5
65, 3, 56, 0, 3
56, 1, 75, 0, 4
75, 3, 67, 0, 3
67, 3, 77, 0, 4
77, 3, 79, 0, 5
79, 1, 79, 0, 3
79, 1, 79, 10, 3
41, 3, 41, 0, 4
41, 3, 53, 0, 2
53, 3, 54, 0, 2
54, 3, 55, 0, 2
55, 1, 54, 0, 4
54, 3, 46, 0, 3
46, 1, 76, 0, 2
76, 3, 57, 0, 3
57, 1, 78, 0, 1
78, 1, 87, 0, 5
87, 3, 78, 0, 3
78, 1, 88, 0, 3
88, 3, 88, 10, 3
41, 3, 41, 0, 4
41, 3, 53, 0, 2
53, 3, 54, 0, 2
54, 3, 46, 0, 1
46, 1, 55, 0, 5
55, 1, 66, 0, 1
66, 3, 65, 0, 4
65, 3, 68, 0, 1
68, 3, 68, 0, 5
68, 3, 59, 0, 3
59, 1, 69, 0, 3
69, 1, 79, 0, 3
79, 1, 79, 10, 3
41, 3, 43, 0, 1
43, 3, 42, 0, 4
42, 3, 45, 0, 1
45, 1, 55, 0, 1
55, 1, 65, 0, 1
65, 3, 66, 0, 1
66, 3, 76, 0, 2
76, 3, 57, 0, 3
57, 1, 76, 0, 4
76, 3, 79, 0, 1
79, 1, 89, 0, 1
89, 1, 98, 0, 2
98, 3, 98, 10, 2
41, 3, 42, 0, 0
42, 3, 44, 0, 1
44, 1, 54, 0, 1
54, 3, 54, 0, 5
54, 3, 45, 0, 3
45, 1, 64, 0, 4
64, 3, 65, 0, 4
65, 3, 77, 0, 2
77, 3, 78, 0, 2
78, 1, 78, 0, 5
78, 1, 88, 0, 0
88, 3, 89, 0, 1
89, 1, 89, 10, 1
41, 3, 43, 0, 1
43, 3, 33, 0, 3
33, 1, 53, 0, 5
53, 3, 55, 0, 1
55, 1, 64, 0, 5
64, 3, 55, 0, 3
55, 1, 74, 0, 4
74, 3, 75, 0, 4
75, 3, 67, 0, 3
67, 3, 79, 0, 1
79, 1, 78, 0, 3
78, 1, 98, 0, 2
98, 3, 98, 10, 2
41, 3, 41, 0, 4
41, 3, 33, 0, 3
33, 1, 52, 0, 4
52, 3, 53, 0, 4
53, 3, 65, 0, 2
65, 3, 57, 0, 1
57, 1, 65, 0, 4
65, 3, 67, 0, 5
67, 3, 67, 0, 4
67, 3, 69, 0, 5
69, 1, 78, 0, 4
78, 1, 89, 0, 1
89, 1, 89, 10, 1
41, 3, 42, 0, 0
42, 3, 43, 0, 0
43, 3, 45, 0, 1
45, 1, 44, 0, 3
44, 1, 54, 0, 3
54, 3, 55, 0, 3
55, 1, 75, 0, 5
75, 3, 86, 0, 2
86, 3, 76, 0, 4
76, 3, 77, 0, 4
77, 3, 79, 0, 5
79, 1, 99, 0, 2
41, 3, 52, 0, 2
52, 3, 44, 0, 1
44, 1, 63, 0, 2
63, 3, 55, 0, 1
55, 1, 54, 0, 3
54, 3, 55, 0, 3
55, 1, 76, 0, 1
76, 3, 77, 0, 1
77, 3, 76, 0, 4
76, 3, 68, 0, 3
68, 3, 79, 0, 5
79, 1, 79, 0, 3
79, 1, 79, 10, 3
41, 3, 43, 0, 1
43, 3, 44, 0, 1
44, 1, 63, 0, 2
63, 3, 64, 0, 2
64, 3, 45, 0, 3
45, 1, 75, 0, 2
75, 3, 65, 0, 4
65, 3, 57, 0, 3
57, 1, 78, 0, 1
78, 1, 86, 0, 4
86, 3, 87, 0, 4
87, 3, 79, 0, 3
79, 1, 79, 10, 3
41, 3, 42, 0, 0
42, 3, 53, 0, 2
53, 3, 34, 0, 3
34, 1, 54, 0, 5
54, 3, 55, 0, 0
55, 1, 55, 0, 3
55, 1, 74, 0, 4
74, 3, 86, 0, 2
86, 3, 76, 0, 4
76, 3, 78, 0, 5
78, 1, 87, 0, 4
87, 3, 89, 0, 1
89, 1, 89, 10, 1
41, 3, 32, 0, 3
32, 1, 42, 0, 3
42, 3, 43, 0, 3
43, 3, 64, 0, 2
64, 3, 45, 0, 3
45, 1, 66, 0, 1
66, 3, 67, 0, 1
67, 3, 77, 0, 2
77, 3, 68, 0, 5
68, 3, 68, 0, 4
68, 3, 68, 0, 4
68, 3, 79, 0, 2
79, 1, 79, 0, 5
79, 1, 89, 0, 1
89, 1, 89, 10, 1
41, 3, 52, 0, 2
52, 3, 44, 0, 1
44, 1, 43, 0, 3
43, 3, 44, 0, 3
44, 1, 54, 0, 3
54, 3, 65, 0, 5
65, 3, 56, 0, 3
56, 1, 77, 0, 1
77, 3, 76, 0, 4
76, 3, 88, 0, 2
88, 3, 69, 0, 3
69, 1, 79, 0, 3
79, 1, 79, 10, 3
41, 3, 43, 0, 1
43, 3, 53, 0, 2
53, 3, 34, 0, 3
34, 1, 55, 0, 1
55, 1, 63, 0, 4
63, 3, 66, 0, 1
66, 3, 66, 0, 5
66, 3, 68, 0, 1
68, 3, 68, 0, 5
68, 3, 68, 0, 4
68, 3, 68, 0, 4
68, 3, 79, 0, 2
79, 1, 89, 0, 2
89, 1, 99, 0, 2
41, 3, 32, 0, 3
32, 1, 53, 0, 1
53, 3, 54, 0, 1
54, 3, 44, 0, 3
44, 1, 63, 0, 4
63, 3, 65, 0, 5
65, 3, 67, 0, 1
67, 3, 57, 0, 3
57, 1, 77, 0, 5
77, 3, 79, 0, 1
79, 1, 78, 0, 3
78, 1, 99, 0, 1
41, 3, 42, 0, 0
42, 3, 43, 0, 0
43, 3, 45, 0, 1
45, 1, 55, 0, 1
55, 1, 63, 0, 4
63, 3, 64, 0, 4
64, 3, 66, 0, 5
66, 3, 57, 0, 3
57, 1, 87, 0, 2
87, 3, 68, 0, 3
68, 3, 89, 0, 2
89, 1, 88, 0, 4
88, 3, 79, 0, 3
79, 1, 79, 10, 3
41, 3, 41, 0, 4
41, 3, 44, 0, 1
44, 1, 54, 0, 1
54, 3, 53, 0, 4
53, 3, 54, 0, 4
54, 3, 46, 0, 3
46, 1, 56, 0, 3
56, 1, 77, 0, 1
77, 3, 77, 0, 5
77, 3, 78, 0, 0
78, 1, 89, 0, 1
89, 1, 98, 0, 2
98, 3, 98, 10, 2
41, 3, 52, 0, 2
52, 3, 53, 0, 2
53, 3, 45, 0, 1
45, 1, 55, 0, 1
55, 1, 74, 0, 2
74, 3, 55, 0, 3
55, 1, 74, 0, 4
74, 3, 76, 0, 5
76, 3, 78, 0, 1
78, 1, 87, 0, 5
87, 3, 98, 0, 2
98, 3, 88, 0, 4
88, 3, 89, 0, 1
89, 1, 89, 10, 1
41, 3, 41, 0, 4
41, 3, 42, 0, 4
42, 3, 34, 0, 3
34, 1, 53, 0, 4
53, 3, 56, 0, 1
56, 1, 55, 0, 3
55, 1, 65, 0, 3
65, 3, 77, 0, 1
77, 3, 77, 0, 5
77, 3, 68, 0, 3
68, 3, 89, 0, 2
89, 1, 89, 0, 1
89, 1, 89, 10, 1
41, 3, 52, 0, 2
52, 3, 53, 0, 2
53, 3, 54, 0, 2
54, 3, 45, 0, 5
45, 1, 54, 0, 4
54, 3, 57, 0, 1
57, 1, 65, 0, 4
65, 3, 77, 0, 2
77, 3, 58, 0, 3
58, 1, 77, 0, 4
77, 3, 79, 0, 1
79, 1, 79, 0, 3
79, 1, 79, 10, 3
41, 3, 41, 0, 4
41, 3, 42, 0, 4
42, 3, 44, 0, 5
44, 1, 64, 0, 2
64, 3, 45, 0, 3
45, 1, 65, 0, 5
65, 3, 66, 0, 0
66, 3, 67, 0, 0
67, 3, 68, 0, 0
68, 3, 69, 0, 0
69, 1, 78, 0, 4
78, 1, 88, 0, 4
88, 3, 79, 0, 3
79, 1, 79, 10, 3
