-0.030, -0.028, -0.023, -0.029, 0, -0.274, -0.276, 0.223, 0.880, 0, 5
-0.005, 0.003, 0.027, -0.031, 0, 0.048, -0.088, -0.315, 0.222, 0, 3
-0.047, -0.012, -0.031, 0.016, 0, -0.103, -0.393, -0.134, 0.313, 1, 2
-0.103, -0.393, -0.134, 0.313, 0, -0.107, -0.587, -0.128, 0.596, 1, 2
-0.107, -0.587, -0.128, 0.596, 0, -0.107, -1.099, -0.448, 0.816, 0, 4
0.036, 0.033, 0.014, -0.037, 0, 0.037, -0.163, 0.013, 0.260, 1, 0
0.037, -0.163, 0.013, 0.260, 1, 0.086, 0.137, -0.323, -0.076, 0, 3
-0.023, -0.043, -0.011, 0.043, 0, -0.071, -0.741, -0.445, 0.283, 0, 4
-0.037, -0.033, 0.017, -0.014, 0, -0.085, -0.731, -0.418, 0.235, 0, 4
-0.004, 0.016, 0.029, 0.050, 0, 0.049, -0.075, -0.310, 0.304, 0, 3
-0.034, -0.047, -0.002, 0.014, 0, -0.104, -0.070, -0.016, 0.271, 1, 1
-0.104, -0.070, -0.016, 0.271, 1, -0.040, -0.047, 0.004, 0.013, 1, 0
-0.040, -0.047, 0.004, 0.013, 0, -0.096, -0.428, -0.098, 0.321, 1, 2
-0.096, -0.428, -0.098, 0.321, 0, 0.006, -0.333, -0.330, 0.554, 0, 3
0.034, -0.014, -0.002, -0.030, 0, -0.210, -0.263, 0.244, 0.885, 0, 5
-0.032, -0.008, -0.001, 0.034, 0, -0.079, -0.706, -0.435, 0.277, 0, 4
-0.007, -0.022, -0.024, -0.005, 0, -0.007, -0.217, -0.024, 0.280, 1, 0
-0.007, -0.217, -0.024, 0.280, 0, 0.041, -0.307, -0.359, 0.518, 0, 3
0.040, 0.021, -0.029, -0.009, 0, -0.028, -0.002, -0.043, 0.238, 1, 1
-0.028, -0.002, -0.043, 0.238, 0, 0.089, -0.264, -0.364, 0.510, 0, 3
-0.024, 0.040, -0.015, 0.022, 0, 0.029, -0.050, -0.356, 0.263, 0, 3
0.024, -0.046, 0.029, 0.048, 0, -0.220, -0.295, 0.278, 0.973, 0, 5
0.037, -0.040, -0.034, -0.040, 1, 0.488, 0.416, -0.090, 0.467, 1, 6
0.488, 0.416, -0.090, 0.467, 1, -0.008, -0.152, -0.477, -0.697, 0, 4
0.021, -0.030, 0.034, 0.027, 0, 0.072, -0.121, -0.306, 0.283, 0, 3
0.018, 0.002, -0.003, -0.038, 0, 0.470, 0.067, -0.059, 1.065, 1, 6
0.470, 0.067, -0.059, 1.065, 1, 0.466, 0.262, -0.054, 0.771, 1, 6
0.466, 0.262, -0.054, 0.771, 1, -0.033, -0.306, -0.434, -0.382, 0, 4
-0.005, -0.045, 0.033, -0.039, 0, -0.250, -0.294, 0.279, 0.887, 0, 5
-0.050, -0.013, -0.010, -0.014, 0, 0.402, 0.052, -0.066, 1.087, 1, 6
0.402, 0.052, -0.066, 1.087, 1, -0.109, -0.199, -0.108, -0.006, 1, 2
-0.109, -0.199, -0.108, -0.006, 0, -0.054, -0.208, -0.006, 0.270, 1, 0
-0.054, -0.208, -0.006, 0.270, 0, -0.106, -0.906, -0.435, 0.512, 0, 4
-0.047, -0.043, -0.024, -0.015, 0, 0.004, -0.133, -0.365, 0.223, 0, 3
-0.032, -0.022, -0.028, -0.016, 0, -0.276, -0.271, 0.219, 0.891, 0, 5
0.042, -0.027, 0.037, -0.032, 0, 0.041, -0.222, 0.036, 0.272, 1, 0
0.041, -0.222, 0.036, 0.272, 1, 0.489, 0.233, -0.014, 0.802, 1, 6
0.489, 0.233, -0.014, 0.802, 1, -0.032, 0.339, 0.027, -0.324, 1, 1
-0.032, 0.339, 0.027, -0.324, 0, -0.204, -0.083, 0.283, 0.640, 0, 5
0.049, 0.011, 0.034, -0.022, 0, 0.050, -0.184, 0.034, 0.281, 1, 0
0.050, -0.184, 0.034, 0.281, 1, -0.198, -0.043, 0.286, 0.622, 0, 5
0.032, -0.035, -0.040, 0.044, 0, 0.032, -0.229, -0.039, 0.324, 1, 0
0.032, -0.229, -0.039, 0.324, 0, -0.020, -0.927, -0.468, 0.554, 0, 4
-0.000, -0.047, 0.007, -0.049, 0, -0.070, -0.070, -0.009, 0.210, 1, 1
-0.070, -0.070, -0.009, 0.210, 0, -0.053, -0.941, -0.425, 0.490, 0, 4
0.032, 0.021, 0.003, 0.041, 0, -0.036, -0.002, -0.010, 0.299, 1, 1
-0.036, -0.002, -0.010, 0.299, 1, -0.026, -0.165, -0.093, 0.057, 1, 2
-0.026, -0.165, -0.093, 0.057, 0, -0.214, -0.228, 0.259, 0.962, 0, 5
0.021, -0.010, -0.041, -0.031, 0, -0.026, -0.707, -0.476, 0.198, 0, 4
0.008, -0.017, -0.007, 0.023, 0, -0.061, -0.039, -0.020, 0.278, 1, 1
-0.061, -0.039, -0.020, 0.278, 1, 0.004, -0.016, 0.000, 0.019, 1, 0
0.004, -0.016, 0.000, 0.019, 0, -0.065, -0.039, -0.014, 0.277, 1, 1
-0.065, -0.039, -0.014, 0.277, 1, -0.048, -0.519, -0.428, -0.030, 0, 4
-0.024, 0.042, 0.007, -0.020, 0, -0.091, 0.019, -0.007, 0.239, 1, 1
-0.091, 0.019, -0.007, 0.239, 1, 0.427, 0.302, -0.043, 0.795, 1, 6
0.427, 0.302, -0.043, 0.795, 1, 0.027, 0.341, -0.329, -0.352, 0, 3
-0.039, -0.038, 0.024, 0.025, 0, 0.413, 0.027, -0.031, 1.136, 1, 6
0.413, 0.027, -0.031, 1.136, 1, -0.113, 0.134, 0.016, 0.004, 1, 1
-0.113, 0.134, 0.016, 0.004, 0, 0.407, 0.026, -0.024, 1.153, 1, 6
0.407, 0.026, -0.024, 1.153, 1, -0.105, -0.226, -0.065, 0.074, 1, 2
-0.105, -0.226, -0.065, 0.074, 0, -0.098, -0.738, -0.396, 0.314, 0, 4
0.021, -0.034, 0.041, -0.007, 0, -0.049, -0.057, 0.027, 0.262, 1, 1
-0.049, -0.057, 0.027, 0.262, 1, -0.053, 0.137, 0.033, -0.017, 1, 1
-0.053, 0.137, 0.033, -0.017, 0, -0.033, -0.734, -0.388, 0.276, 0, 4
-0.036, -0.015, -0.049, -0.027, 0, 0.016, -0.104, -0.391, 0.203, 0, 3
-0.026, 0.015, -0.040, -0.022, 0, -0.269, -0.233, 0.207, 0.881, 1, 5
-0.269, -0.233, 0.207, 0.881, 1, -0.273, -0.038, 0.212, 0.576, 0, 5
-0.021, 0.034, -0.048, 0.031, 0, 0.432, 0.099, -0.103, 1.119, 1, 6
0.432, 0.099, -0.103, 1.119, 1, -0.079, -0.151, -0.144, 0.015, 1, 2
-0.079, -0.151, -0.144, 0.015, 0, -0.267, -0.213, 0.206, 0.903, 1, 5
-0.267, -0.213, 0.206, 0.903, 1, 0.026, 0.141, -0.376, -0.072, 0, 3
0.044, 0.018, -0.045, 0.020, 0, 0.496, 0.084, -0.100, 1.109, 1, 6
0.496, 0.084, -0.100, 1.109, 1, -0.028, 0.192, -0.053, -0.044, 1, 1
-0.028, 0.192, -0.053, -0.044, 0, -0.203, -0.229, 0.208, 0.895, 1, 5
-0.203, -0.229, 0.208, 0.895, 1, 0.089, 0.125, -0.374, -0.080, 0, 3
0.003, -0.005, 0.027, 0.010, 0, -0.241, -0.254, 0.274, 0.934, 0, 5
0.046, 0.010, 0.002, -0.035, 0, 0.098, -0.080, -0.339, 0.211, 0, 3
-0.032, 0.034, 0.017, -0.003, 0, 0.020, -0.056, -0.324, 0.248, 0, 3
0.049, 0.002, -0.021, 0.029, 0, 0.049, -0.192, -0.020, 0.315, 1, 0
0.049, -0.192, -0.020, 0.315, 1, -0.023, 0.176, -0.028, -0.019, 1, 1
-0.023, 0.176, -0.028, -0.019, 0, 0.498, 0.068, -0.069, 1.116, 1, 6
0.498, 0.068, -0.069, 1.116, 1, -0.202, -0.050, 0.240, 0.631, 0, 5
0.004, -0.036, -0.023, -0.042, 0, 0.003, -0.231, -0.024, 0.244, 1, 0
0.003, -0.231, -0.024, 0.244, 0, 0.050, -0.320, -0.360, 0.481, 0, 3
-0.007, -0.043, 0.002, 0.019, 0, -0.055, -0.741, -0.432, 0.263, 0, 4
-0.032, -0.030, 0.036, 0.025, 0, -0.101, -0.054, 0.023, 0.293, 1, 1
-0.101, -0.054, 0.023, 0.293, 1, 0.416, 0.229, -0.012, 0.859, 1, 6
0.416, 0.229, -0.012, 0.859, 1, -0.037, 0.163, 0.045, -0.231, 1, 0
-0.037, 0.163, 0.045, -0.231, 0, 0.018, 0.072, -0.301, 0.028, 0, 3
0.048, 0.036, -0.049, 0.025, 0, 0.101, -0.054, -0.389, 0.255, 0, 3
0.034, -0.016, -0.032, 0.006, 0, -0.021, -0.397, -0.135, 0.303, 1, 2
-0.021, -0.397, -0.135, 0.303, 0, 0.082, -0.300, -0.367, 0.524, 0, 3
0.023, 0.045, 0.016, 0.036, 0, -0.031, -0.337, -0.086, 0.348, 1, 2
-0.031, -0.337, -0.086, 0.348, 0, -0.047, -0.174, 0.009, 0.596, 1, 1
-0.047, -0.174, 0.009, 0.596, 1, 0.066, -0.046, -0.304, 0.300, 0, 3
-0.046, 0.021, -0.009, -0.028, 0, -0.101, -0.360, -0.112, 0.276, 1, 2
-0.101, -0.360, -0.112, 0.276, 0, -0.118, -0.197, -0.018, 0.516, 1, 1
-0.118, -0.197, -0.018, 0.516, 1, -0.104, -0.677, -0.428, 0.208, 0, 4
-0.034, -0.022, 0.024, -0.049, 0, 0.418, 0.043, -0.032, 1.062, 1, 6
0.418, 0.043, -0.032, 1.062, 1, 0.413, 0.237, -0.027, 0.777, 1, 6
0.413, 0.237, -0.027, 0.777, 1, -0.108, 0.344, 0.013, -0.354, 1, 1
-0.108, 0.344, 0.013, -0.354, 0, -0.091, -0.210, -0.082, -0.002, 1, 2
-0.091, -0.210, -0.082, -0.002, 0, -0.092, -0.405, -0.082, 0.297, 1, 2
-0.092, -0.405, -0.082, 0.297, 0, 0.011, -0.310, -0.314, 0.534, 0, 3
0.046, 0.001, -0.008, -0.046, 0, -0.009, -0.380, -0.112, 0.258, 1, 2
-0.009, -0.380, -0.112, 0.258, 0, 0.495, -0.129, -0.059, 1.345, 1, 6
0.495, -0.129, -0.059, 1.345, 1, -0.012, -0.697, -0.428, 0.190, 0, 4
0.030, 0.049, -0.047, -0.015, 0, -0.016, -0.648, -0.482, 0.213, 0, 4
-0.011, 0.018, -0.013, 0.031, 0, -0.080, -0.005, -0.027, 0.284, 1, 1
-0.080, -0.005, -0.027, 0.284, 1, -0.083, 0.191, -0.021, -0.013, 1, 1
-0.083, 0.191, -0.021, -0.013, 0, 0.438, 0.083, -0.061, 1.124, 1, 6
0.438, 0.083, -0.061, 1.124, 0, 0.034, -0.267, -0.340, 0.557, 0, 3
0.009, -0.017, -0.005, -0.017, 0, 0.461, 0.048, -0.061, 1.085, 1, 6
0.461, 0.048, -0.061, 1.085, 1, 0.057, 0.088, -0.340, -0.068, 0, 3
0.049, 0.044, -0.005, -0.019, 0, -0.006, -0.337, -0.108, 0.286, 1, 2
-0.006, -0.337, -0.108, 0.286, 0, -0.022, -0.173, -0.014, 0.527, 1, 1
-0.022, -0.173, -0.014, 0.527, 1, -0.008, -0.654, -0.424, 0.220, 0, 4
-0.044, 0.006, -0.028, -0.024, 0, -0.112, -0.017, -0.043, 0.224, 1, 1
-0.112, -0.017, -0.043, 0.224, 0, -0.116, -0.211, -0.037, 0.507, 1, 1
-0.116, -0.211, -0.037, 0.507, 1, -0.102, -0.691, -0.447, 0.193, 0, 4
-0.040, -0.000, -0.015, -0.027, 0, -0.087, -0.698, -0.451, 0.211, 0, 4
0.013, -0.019, -0.009, 0.002, 0, -0.056, -0.042, -0.023, 0.256, 1, 1
-0.056, -0.042, -0.023, 0.256, 1, -0.060, 0.153, -0.017, -0.039, 1, 1
-0.060, 0.153, -0.017, -0.039, 0, -0.236, -0.268, 0.244, 0.911, 0, 5
-0.031, 0.040, -0.049, -0.042, 0, -0.030, -0.154, -0.050, 0.235, 1, 0
-0.030, -0.154, -0.050, 0.235, 0, -0.080, -0.852, -0.480, 0.462, 0, 4
0.015, 0.011, 0.045, -0.032, 0, -0.040, -0.371, -0.058, 0.289, 1, 2
-0.040, -0.371, -0.058, 0.289, 0, -0.043, -0.567, -0.053, 0.595, 1, 2
-0.043, -0.567, -0.053, 0.595, 1, -0.065, -0.014, 0.048, 0.269, 1, 1
-0.065, -0.014, 0.048, 0.269, 1, -0.055, -0.178, -0.035, 0.046, 1, 2
-0.055, -0.178, -0.035, 0.046, 0, -0.243, -0.242, 0.316, 0.968, 0, 5
0.036, -0.029, 0.036, -0.036, 0, 0.036, -0.225, 0.036, 0.268, 1, 0
0.036, -0.225, 0.036, 0.268, 1, 0.484, 0.230, -0.014, 0.798, 1, 6
0.484, 0.230, -0.014, 0.798, 1, 0.483, 0.425, -0.015, 0.518, 1, 6
0.483, 0.425, -0.015, 0.518, 1, -0.035, 0.532, 0.021, -0.608, 1, 1
-0.035, 0.532, 0.021, -0.608, 0, 0.093, 0.268, -0.317, -0.317, 0, 3
-0.001, 0.007, -0.044, 0.022, 0, 0.051, -0.083, -0.384, 0.253, 0, 3
0.023, -0.011, 0.020, 0.028, 0, -0.033, -0.393, -0.083, 0.341, 1, 2
-0.033, -0.393, -0.083, 0.341, 0, 0.471, -0.141, -0.029, 1.436, 1, 6
0.471, -0.141, -0.029, 1.436, 1, -0.058, -0.035, 0.025, 0.306, 1, 1
-0.058, -0.035, 0.025, 0.306, 1, -0.049, -0.199, -0.057, 0.075, 1, 2
-0.049, -0.199, -0.057, 0.075, 0, -0.238, -0.262, 0.294, 0.991, 0, 5
0.018, -0.029, -0.044, -0.046, 0, -0.051, -0.051, -0.059, 0.197, 1, 1
-0.051, -0.051, -0.059, 0.197, 0, -0.042, -0.604, -0.143, 0.525, 1, 2
-0.042, -0.604, -0.143, 0.525, 0, 0.057, -0.508, -0.371, 0.743, 0, 3
-0.010, 0.006, 0.047, -0.025, 0, -0.009, -0.189, 0.046, 0.282, 1, 0
-0.009, -0.189, 0.046, 0.282, 1, -0.082, 0.178, 0.038, -0.031, 1, 1
-0.082, 0.178, 0.038, -0.031, 0, -0.068, -0.377, -0.051, 0.327, 1, 2
-0.068, -0.377, -0.051, 0.327, 0, -0.261, -0.440, 0.306, 1.244, 0, 5
0.022, 0.026, 0.000, -0.034, 0, -0.024, -0.672, -0.435, 0.209, 0, 4
0.048, -0.012, 0.021, -0.011, 0, -0.196, -0.261, 0.268, 0.911, 0, 5
0.037, -0.025, 0.036, -0.045, 0, 0.037, -0.221, 0.035, 0.259, 1, 0
0.037, -0.221, 0.035, 0.259, 1, 0.485, 0.234, -0.015, 0.789, 1, 6
0.485, 0.234, -0.015, 0.789, 1, 0.032, 0.168, 0.040, -0.302, 1, 0
0.032, 0.168, 0.040, -0.302, 0, -0.012, -0.530, -0.401, -0.047, 0, 4
0.006, 0.034, 0.034, 0.017, 0, -0.062, 0.010, 0.020, 0.284, 1, 1
-0.062, 0.010, 0.020, 0.284, 1, -0.240, -0.021, 0.287, 0.661, 0, 5
0.034, 0.002, -0.043, 0.039, 0, 0.086, -0.088, -0.383, 0.270, 0, 3
0.005, -0.042, -0.016, -0.005, 0, -0.051, -0.423, -0.119, 0.297, 1, 2
-0.051, -0.423, -0.119, 0.297, 1, -0.001, -0.042, -0.011, -0.016, 1, 0
-0.001, -0.042, -0.011, -0.016, 0, -0.001, -0.237, -0.011, 0.274, 1, 0
-0.001, -0.237, -0.011, 0.274, 0, -0.053, -0.935, -0.441, 0.513, 0, 4
0.016, 0.005, 0.004, 0.020, 0, -0.039, -0.376, -0.099, 0.328, 1, 2
-0.039, -0.376, -0.099, 0.328, 1, -0.231, -0.049, 0.257, 0.645, 0, 5
0.017, 0.036, -0.025, -0.038, 0, 0.470, 0.101, -0.081, 1.058, 1, 6
0.470, 0.101, -0.081, 1.058, 1, -0.054, 0.209, -0.035, -0.090, 1, 1
-0.054, 0.209, -0.035, -0.090, 0, -0.229, -0.212, 0.225, 0.855, 0, 5
-0.014, -0.032, 0.034, -0.028, 0, 0.037, -0.122, -0.308, 0.228, 0, 3
0.020, -0.036, -0.020, -0.024, 0, 0.019, -0.231, -0.021, 0.262, 1, 0
0.019, -0.231, -0.021, 0.262, 0, 0.015, -0.426, -0.016, 0.548, 1, 0
0.015, -0.426, -0.016, 0.548, 1, -0.238, -0.285, 0.243, 0.873, 0, 5
-0.022, 0.036, 0.021, -0.031, 0, -0.068, -0.663, -0.415, 0.218, 0, 4
0.003, -0.021, -0.047, 0.045, 0, -0.242, -0.269, 0.201, 0.945, 1, 5
-0.242, -0.269, 0.201, 0.945, 1, -0.057, -0.206, -0.143, 0.030, 1, 2
-0.057, -0.206, -0.143, 0.030, 0, 0.049, -0.109, -0.380, 0.248, 0, 3
0.002, -0.032, 0.048, -0.043, 0, 0.053, -0.123, -0.293, 0.217, 0, 3
0.040, -0.017, 0.048, 0.018, 0, 0.040, -0.213, 0.048, 0.325, 1, 0
0.040, -0.213, 0.048, 0.325, 1, 0.488, 0.242, -0.001, 0.859, 1, 6
0.488, 0.242, -0.001, 0.859, 1, 0.087, 0.280, -0.285, -0.274, 0, 3
0.041, -0.045, -0.031, -0.045, 0, 0.092, -0.135, -0.372, 0.191, 0, 3
0.031, 0.037, -0.021, 0.035, 0, -0.037, 0.014, -0.035, 0.286, 1, 1
-0.037, 0.014, -0.035, 0.286, 1, -0.019, -0.466, -0.449, -0.028, 0, 4
0.002, -0.005, -0.010, 0.005, 0, -0.053, -0.386, -0.113, 0.309, 1, 2
-0.053, -0.386, -0.113, 0.309, 0, -0.049, -0.897, -0.439, 0.534, 0, 4
-0.030, -0.039, -0.003, 0.007, 0, 0.022, -0.129, -0.344, 0.251, 0, 3
-0.040, 0.036, -0.033, -0.046, 0, -0.108, 0.014, -0.048, 0.200, 1, 1
-0.108, 0.014, -0.048, 0.200, 0, 0.009, -0.248, -0.370, 0.470, 0, 3
0.006, 0.019, -0.033, -0.020, 0, -0.062, -0.003, -0.048, 0.226, 1, 1
-0.062, -0.003, -0.048, 0.226, 1, -0.066, 0.192, -0.043, -0.077, 1, 1
-0.066, 0.192, -0.043, -0.077, 0, -0.240, -0.229, 0.218, 0.865, 0, 5
0.025, 0.021, -0.022, -0.049, 0, -0.218, -0.228, 0.224, 0.860, 0, 5
0.038, 0.040, -0.030, -0.047, 0, 0.491, 0.106, -0.087, 1.047, 1, 6
0.491, 0.106, -0.087, 1.047, 1, 0.088, 0.146, -0.367, -0.114, 0, 3
0.035, -0.027, -0.031, 0.033, 0, -0.021, -0.408, -0.134, 0.330, 1, 2
-0.021, -0.408, -0.134, 0.330, 0, 0.482, -0.157, -0.080, 1.410, 1, 6
0.482, -0.157, -0.080, 1.410, 1, 0.474, 0.039, -0.068, 1.110, 1, 6
0.474, 0.039, -0.068, 1.110, 1, -0.030, -0.529, -0.441, -0.048, 0, 4
0.024, -0.007, -0.045, -0.048, 0, 0.024, -0.202, -0.046, 0.230, 1, 0
0.024, -0.202, -0.046, 0.230, 0, 0.072, -0.291, -0.382, 0.461, 0, 3
0.041, -0.043, -0.033, -0.047, 0, 0.040, -0.238, -0.034, 0.235, 1, 0
0.040, -0.238, -0.034, 0.235, 0, -0.208, -0.486, 0.218, 1.140, 0, 5
-0.019, -0.018, -0.014, 0.000, 0, 0.032, -0.108, -0.354, 0.241, 0, 3
0.045, 0.029, 0.027, 0.003, 0, 0.097, -0.062, -0.314, 0.257, 0, 3
-0.020, -0.044, -0.048, 0.041, 0, 0.031, -0.133, -0.388, 0.271, 0, 3
0.008, -0.013, 0.050, 0.033, 0, -0.047, -0.395, -0.052, 0.355, 1, 2
-0.047, -0.395, -0.052, 0.355, 0, -0.043, -0.907, -0.378, 0.599, 0, 4
0.044, -0.032, -0.001, -0.027, 0, 0.095, -0.123, -0.342, 0.218, 0, 3
-0.027, 0.024, -0.026, -0.023, 0, 0.025, -0.066, -0.367, 0.214, 0, 3
0.031, -0.000, -0.026, 0.003, 0, -0.016, -0.698, -0.461, 0.237, 0, 4
-0.013, -0.025, -0.042, 0.038, 0, -0.014, -0.219, -0.042, 0.317, 1, 0
-0.014, -0.219, -0.042, 0.317, 0, 0.434, -0.154, -0.091, 1.408, 1, 6
0.434, -0.154, -0.091, 1.408, 1, -0.270, -0.272, 0.224, 0.916, 0, 5
0.010, 0.019, -0.025, 0.019, 0, -0.037, -0.679, -0.459, 0.254, 0, 4
-0.023, -0.004, -0.021, 0.018, 0, -0.092, -0.027, -0.035, 0.268, 1, 1
-0.092, -0.027, -0.035, 0.268, 1, -0.074, -0.507, -0.449, -0.045, 0, 4
0.036, 0.003, -0.042, 0.007, 0, 0.088, -0.087, -0.382, 0.239, 0, 3
0.020, -0.012, 0.005, 0.019, 0, -0.049, -0.035, -0.009, 0.278, 1, 1
-0.049, -0.035, -0.009, 0.278, 1, -0.228, -0.066, 0.259, 0.645, 0, 5
0.009, 0.047, -0.005, -0.043, 0, 0.462, 0.112, -0.061, 1.059, 1, 6
0.462, 0.112, -0.061, 1.059, 1, 0.007, 0.047, -0.001, -0.046, 1, 0
0.007, 0.047, -0.001, -0.046, 0, -0.047, -0.335, -0.104, 0.261, 1, 2
-0.047, -0.335, -0.104, 0.261, 0, 0.005, -0.343, 0.003, 0.539, 1, 0
0.005, -0.343, 0.003, 0.539, 1, -0.002, -0.148, 0.014, 0.247, 1, 0
-0.002, -0.148, 0.014, 0.247, 1, -0.005, 0.047, 0.019, -0.041, 1, 0
-0.005, 0.047, 0.019, -0.041, 0, 0.048, -0.044, -0.322, 0.210, 0, 3
