41, 3, 42, 0, 0
42, 1, 51, 0, 2
51, 3, 53, 0, 5
53, 3, 64, 0, 1
64, 1, 64, 0, 5
64, 1, 73, 0, 2
73, 3, 74, 0, 2
74, 3, 86, 0, 1
86, 3, 76, 0, 2
76, 1, 87, 0, 5
87, 3, 87, 0, 2
87, 3, 88, 0, 2
88, 3, 99, 0, 1
41, 3, 42, 0, 0
42, 1, 51, 0, 2
51, 3, 63, 0, 1
63, 3, 64, 0, 1
64, 1, 63, 0, 2
63, 3, 65, 0, 5
65, 1, 65, 0, 3
65, 1, 84, 0, 2
84, 3, 87, 0, 4
87, 3, 88, 0, 4
88, 3, 78, 0, 3
78, 1, 97, 0, 2
97, 3, 97, 10, 2
41, 3, 43, 0, 4
43, 1, 42, 0, 3
42, 1, 52, 0, 3
52, 3, 63, 0, 5
63, 3, 74, 0, 1
74, 3, 66, 0, 4
66, 1, 75, 0, 5
75, 1, 86, 0, 4
86, 3, 85, 0, 2
85, 3, 87, 0, 5
87, 3, 89, 0, 4
89, 1, 88, 0, 3
88, 3, 88, 10, 3
41, 3, 41, 0, 2
41, 3, 43, 0, 5
43, 1, 52, 0, 2
52, 3, 64, 0, 1
64, 1, 63, 0, 2
63, 3, 55, 0, 3
55, 1, 75, 0, 5
75, 1, 75, 0, 3
75, 1, 96, 0, 4
96, 3, 95, 0, 2
95, 3, 97, 0, 5
97, 3, 97, 0, 2
97, 3, 97, 10, 2
41, 3, 41, 0, 2
41, 3, 44, 0, 4
44, 1, 63, 0, 1
63, 3, 44, 0, 3
44, 1, 65, 0, 4
65, 1, 73, 0, 2
73, 3, 75, 0, 5
75, 1, 86, 0, 4
86, 3, 85, 0, 2
85, 3, 77, 0, 3
77, 3, 78, 0, 3
78, 1, 97, 0, 2
97, 3, 97, 10, 2
41, 3, 43, 0, 4
43, 1, 53, 0, 4
53, 3, 52, 0, 2
52, 3, 44, 0, 3
44, 1, 54, 0, 3
54, 1, 73, 0, 2
73, 3, 65, 0, 3
65, 1, 75, 0, 3
75, 1, 95, 0, 1
95, 3, 95, 0, 2
95, 3, 98, 0, 4
98, 3, 88, 0, 3
88, 3, 88, 10, 3
41, 3, 42, 0, 0
42, 1, 51, 0, 2
51, 3, 43, 0, 3
43, 1, 62, 0, 2
62, 3, 65, 0, 4
65, 1, 64, 0, 3
64, 1, 94, 0, 1
94, 3, 85, 0, 5
85, 3, 87, 0, 4
87, 3, 87, 0, 5
87, 3, 89, 0, 4
89, 1, 98, 0, 1
98, 3, 98, 10, 1
41, 3, 43, 0, 4
43, 1, 51, 0, 2
51, 3, 52, 0, 2
52, 3, 55, 0, 4
55, 1, 63, 0, 2
63, 3, 55, 0, 3
55, 1, 85, 0, 1
85, 3, 77, 0, 4
77, 3, 78, 0, 4
78, 1, 77, 0, 3
77, 3, 87, 0, 2
87, 3, 88, 0, 2
88, 3, 79, 0, 3
79, 1, 79, 10, 3
41, 3, 43, 0, 4
43, 1, 52, 0, 5
52, 3, 54, 0, 4
54, 1, 63, 0, 5
63, 3, 64, 0, 0
64, 1, 74, 0, 0
74, 3, 74, 0, 2
74, 3, 77, 0, 4
77, 3, 78, 0, 4
78, 1, 88, 0, 4
88, 3, 98, 0, 1
98, 3, 88, 0, 2
88, 3, 89, 0, 4
89, 1, 89, 10, 4
41, 3, 42, 0, 0
42, 1, 52, 0, 0
52, 3, 54, 0, 4
54, 1, 63, 0, 5
63, 3, 65, 0, 4
65, 1, 64, 0, 3
64, 1, 74, 0, 3
74, 3, 95, 0, 1
95, 3, 86, 0, 5
86, 3, 87, 0, 0
87, 3, 98, 0, 1
98, 3, 99, 0, 1
41, 3, 43, 0, 4
43, 1, 51, 0, 2
51, 3, 63, 0, 1
63, 3, 54, 0, 5
54, 1, 74, 0, 1
74, 3, 55, 0, 3
55, 1, 76, 0, 4
76, 1, 84, 0, 2
84, 3, 76, 0, 3
76, 1, 96, 0, 5
96, 3, 98, 0, 4
98, 3, 99, 0, 4
41, 3, 32, 0, 3
32, 1, 51, 0, 2
51, 3, 53, 0, 5
53, 3, 64, 0, 1
64, 1, 74, 0, 1
74, 3, 55, 0, 3
55, 1, 76, 0, 4
76, 1, 95, 0, 1
95, 3, 76, 0, 3
76, 1, 97, 0, 4
97, 3, 87, 0, 3
87, 3, 99, 0, 4
41, 3, 43, 0, 4
43, 1, 62, 0, 1
62, 3, 53, 0, 5
53, 3, 44, 0, 3
44, 1, 65, 0, 4
65, 1, 64, 0, 3
64, 1, 94, 0, 1
94, 3, 75, 0, 3
75, 1, 94, 0, 2
94, 3, 86, 0, 3
86, 3, 97, 0, 5
97, 3, 98, 0, 1
98, 3, 98, 10, 1
41, 3, 42, 0, 0
42, 1, 42, 0, 3
42, 1, 62, 0, 5
62, 3, 53, 0, 3
53, 3, 74, 0, 1
74, 3, 64, 0, 2
64, 1, 75, 0, 5
75, 1, 86, 0, 4
86, 3, 86, 0, 5
86, 3, 87, 0, 0
87, 3, 98, 0, 1
98, 3, 79, 0, 3
79, 1, 79, 10, 3
41, 3, 32, 0, 3
32, 1, 51, 0, 2
51, 3, 52, 0, 2
52, 3, 55, 0, 4
55, 1, 65, 0, 4
65, 1, 74, 0, 5
74, 3, 65, 0, 3
65, 1, 84, 0, 2
84, 3, 87, 0, 4
87, 3, 88, 0, 4
88, 3, 78, 0, 3
78, 1, 98, 0, 1
98, 3, 98, 10, 1
41, 3, 52, 0, 1
52, 3, 53, 0, 1
53, 3, 34, 0, 3
34, 1, 55, 0, 4
55, 1, 63, 0, 2
63, 3, 65, 0, 5
65, 1, 74, 0, 2
74, 3, 86, 0, 1
86, 3, 76, 0, 2
76, 1, 87, 0, 5
87, 3, 78, 0, 3
78, 1, 99, 0, 4
41, 3, 43, 0, 4
43, 1, 51, 0, 2
51, 3, 63, 0, 1
63, 3, 64, 0, 1
64, 1, 65, 0, 4
65, 1, 84, 0, 1
84, 3, 75, 0, 5
75, 1, 95, 0, 1
95, 3, 86, 0, 5
86, 3, 88, 0, 4
88, 3, 88, 0, 5
88, 3, 99, 0, 1
41, 3, 41, 0, 2
41, 3, 33, 0, 3
33, 1, 53, 0, 5
53, 3, 53, 0, 2
53, 3, 54, 0, 2
54, 1, 64, 0, 2
64, 1, 76, 0, 4
76, 1, 95, 0, 1
95, 3, 87, 0, 4
87, 3, 97, 0, 1
97, 3, 98, 0, 1
98, 3, 99, 0, 1
41, 3, 42, 0, 0
42, 1, 62, 0, 1
62, 3, 52, 0, 2
52, 3, 54, 0, 5
54, 1, 64, 0, 0
64, 1, 73, 0, 2
73, 3, 85, 0, 1
85, 3, 76, 0, 5
76, 1, 86, 0, 0
86, 3, 97, 0, 1
97, 3, 98, 0, 1
98, 3, 89, 0, 5
89, 1, 89, 10, 5
41, 3, 52, 0, 1
52, 3, 42, 0, 2
42, 1, 43, 0, 3
43, 1, 64, 0, 4
64, 1, 73, 0, 5
73, 3, 84, 0, 1
84, 3, 76, 0, 4
76, 1, 84, 0, 2
84, 3, 85, 0, 2
85, 3, 88, 0, 4
88, 3, 88, 0, 5
88, 3, 99, 0, 1
41, 3, 32, 0, 3
32, 1, 62, 0, 1
62, 3, 43, 0, 3
43, 1, 73, 0, 1
73, 3, 64, 0, 5
64, 1, 73, 0, 2
73, 3, 76, 0, 4
76, 1, 84, 0, 2
84, 3, 87, 0, 4
87, 3, 97, 0, 1
97, 3, 78, 0, 3
78, 1, 99, 0, 4
41, 3, 42, 0, 0
42, 1, 52, 0, 0
52, 3, 54, 0, 4
54, 1, 64, 0, 4
64, 1, 74, 0, 4
74, 3, 64, 0, 3
64, 1, 84, 0, 5
84, 3, 84, 0, 2
84, 3, 86, 0, 5
86, 3, 97, 0, 1
97, 3, 78, 0, 3
78, 1, 98, 0, 1
98, 3, 98, 10, 1
41, 3, 42, 0, 0
42, 1, 62, 0, 1
62, 3, 52, 0, 2
52, 3, 54, 0, 5
54, 1, 63, 0, 2
63, 3, 64, 0, 2
64, 1, 65, 0, 3
65, 1, 86, 0, 4
86, 3, 85, 0, 2
85, 3, 86, 0, 2
86, 3, 78, 0, 3
78, 1, 97, 0, 2
97, 3, 97, 10, 2
41, 3, 52, 0, 1
52, 3, 42, 0, 2
42, 1, 52, 0, 2
52, 3, 55, 0, 4
55, 1, 64, 0, 5
64, 1, 73, 0, 2
73, 3, 85, 0, 1
85, 3, 77, 0, 4
77, 3, 76, 0, 2
76, 1, 87, 0, 5
87, 3, 89, 0, 4
89, 1, 99, 0, 4
41, 3, 42, 0, 0
42, 1, 52, 0, 0
52, 3, 52, 0, 2
52, 3, 54, 0, 5
54, 1, 74, 0, 1
74, 3, 75, 0, 1
75, 1, 65, 0, 3
65, 1, 84, 0, 2
84, 3, 86, 0, 5
86, 3, 86, 0, 2
86, 3, 87, 0, 2
87, 3, 99, 0, 1
41, 3, 32, 0, 3
32, 1, 51, 0, 2
51, 3, 43, 0, 3
43, 1, 63, 0, 5
63, 3, 63, 0, 2
63, 3, 75, 0, 1
75, 1, 74, 0, 2
74, 3, 76, 0, 5
76, 1, 87, 0, 4
87, 3, 77, 0, 3
77, 3, 88, 0, 5
88, 3, 89, 0, 4
89, 1, 89, 10, 4
41, 3, 43, 0, 4
43, 1, 53, 0, 4
53, 3, 63, 0, 1
63, 3, 53, 0, 2
53, 3, 54, 0, 2
54, 1, 55, 0, 3
55, 1, 76, 0, 4
76, 1, 95, 0, 1
95, 3, 76, 0, 3
76, 1, 95, 0, 2
95, 3, 97, 0, 5
97, 3, 98, 0, 1
98, 3, 98, 10, 1
41, 3, 32, 0, 3
32, 1, 62, 0, 1
62, 3, 43, 0, 3
43, 1, 73, 0, 1
73, 3, 65, 0, 4
65, 1, 64, 0, 3
64, 1, 94, 0, 1
94, 3, 75, 0, 3
75, 1, 94, 0, 2
94, 3, 96, 0, 1
96, 3, 96, 0, 2
96, 3, 98, 0, 1
98, 3, 98, 10, 1
41, 3, 41, 0, 2
41, 3, 43, 0, 5
43, 1, 53, 0, 0
53, 3, 54, 0, 0
54, 1, 64, 0, 0
64, 1, 84, 0, 1
84, 3, 65, 0, 3
65, 1, 95, 0, 1
95, 3, 85, 0, 2
85, 3, 88, 0, 4
88, 3, 98, 0, 1
98, 3, 89, 0, 5
89, 1, 89, 10, 5
41, 3, 41, 0, 2
41, 3, 53, 0, 1
53, 3, 45, 0, 4
45, 1, 53, 0, 2
53, 3, 65, 0, 1
65, 1, 65, 0, 5
65, 1, 65, 0, 3
65, 1, 86, 0, 4
86, 3, 86, 0, 5
86, 3, 86, 0, 2
86, 3, 88, 0, 5
88, 3, 89, 0, 4
89, 1, 89, 10, 4
41, 3, 43, 0, 4
43, 1, 42, 0, 3
42, 1, 61, 0, 2
61, 3, 53, 0, 3
53, 3, 74, 0, 1
74, 3, 75, 0, 1
75, 1, 74, 0, 2
74, 3, 76, 0, 5
76, 1, 86, 0, 0
86, 3, 86, 0, 2
86, 3, 88, 0, 5
88, 3, 99, 0, 1
41, 3, 32, 0, 3
32, 1, 62, 0, 1
62, 3, 53, 0, 5
53, 3, 55, 0, 4
55, 1, 64, 0, 5
64, 1, 75, 0, 4
75, 1, 83, 0, 2
83, 3, 95, 0, 1
95, 3, 85, 0, 2
85, 3, 97, 0, 1
97, 3, 98, 0, 1
98, 3, 79, 0, 3
79, 1, 79, 10, 3
41, 3, 52, 0, 1
52, 3, 53, 0, 1
53, 3, 34, 0, 3
34, 1, 55, 0, 4
55, 1, 65, 0, 4
65, 1, 64, 0, 3
64, 1, 94, 0, 1
94, 3, 75, 0, 3
75, 1, 96, 0, 4
96, 3, 96, 0, 1
96, 3, 97, 0, 5
97, 3, 97, 0, 2
97, 3, 97, 10, 2
41, 3, 41, 0, 2
41, 3, 43, 0, 5
43, 1, 52, 0, 2
52, 3, 54, 0, 5
54, 1, 74, 0, 1
74, 3, 65, 0, 5
65, 1, 65, 0, 3
65, 1, 75, 0, 3
75, 1, 85, 0, 3
85, 3, 86, 0, 3
86, 3, 96, 0, 2
96, 3, 88, 0, 3
88, 3, 88, 10, 3
41, 3, 52, 0, 1
52, 3, 43, 0, 5
43, 1, 52, 0, 2
52, 3, 53, 0, 2
53, 3, 54, 0, 2
54, 1, 64, 0, 2
64, 1, 85, 0, 1
85, 3, 66, 0, 3
66, 1, 85, 0, 2
85, 3, 77, 0, 3
77, 3, 98, 0, 1
98, 3, 89, 0, 4
89, 1, 89, 10, 4
41, 3, 32, 0, 3
32, 1, 42, 0, 3
42, 1, 72, 0, 1
72, 3, 53, 0, 3
53, 3, 65, 0, 4
65, 1, 74, 0, 5
74, 3, 76, 0, 4
76, 1, 75, 0, 3
75, 1, 85, 0, 3
85, 3, 96, 0, 1
96, 3, 98, 0, 4
98, 3, 98, 0, 1
98, 3, 98, 10, 1
41, 3, 42, 0, 0
42, 1, 62, 0, 1
62, 3, 63, 0, 1
63, 3, 64, 0, 1
64, 1, 54, 0, 3
54, 1, 75, 0, 4
75, 1, 74, 0, 3
74, 3, 84, 0, 2
84, 3, 87, 0, 4
87, 3, 86, 0, 2
86, 3, 78, 0, 3
78, 1, 98, 0, 5
98, 3, 98, 10, 5
41, 3, 41, 0, 2
41, 3, 33, 0, 3
33, 1, 53, 0, 5
53, 3, 53, 0, 2
53, 3, 54, 0, 2
54, 1, 75, 0, 1
75, 1, 74, 0, 2
74, 3, 75, 0, 2
75, 1, 85, 0, 2
85, 3, 88, 0, 4
88, 3, 78, 0, 3
78, 1, 98, 0, 5
98, 3, 98, 10, 5
41, 3, 52, 0, 1
52, 3, 33, 0, 3
33, 1, 63, 0, 1
63, 3, 54, 0, 5
54, 1, 65, 0, 4
65, 1, 64, 0, 3
64, 1, 83, 0, 2
83, 3, 95, 0, 1
95, 3, 86, 0, 5
86, 3, 87, 0, 0
87, 3, 88, 0, 0
88, 3, 89, 0, 4
89, 1, 89, 10, 4
41, 3, 52, 0, 1
52, 3, 44, 0, 4
44, 1, 54, 0, 4
54, 1, 63, 0, 5
63, 3, 54, 0, 3
54, 1, 84, 0, 1
84, 3, 76, 0, 4
76, 1, 85, 0, 5
85, 3, 96, 0, 1
96, 3, 88, 0, 4
88, 3, 88, 0, 5
88, 3, 99, 0, 1
41, 3, 32, 0, 3
32, 1, 62, 0, 1
62, 3, 54, 0, 4
54, 1, 73, 0, 1
73, 3, 65, 0, 4
65, 1, 73, 0, 2
73, 3, 65, 0, 3
65, 1, 75, 0, 3
75, 1, 96, 0, 4
96, 3, 86, 0, 3
86, 3, 98, 0, 4
98, 3, 99, 0, 4
41, 3, 42, 0, 0
42, 1, 51, 0, 2
51, 3, 53, 0, 5
53, 3, 55, 0, 4
55, 1, 63, 0, 2
63, 3, 65, 0, 5
65, 1, 76, 0, 4
76, 1, 95, 0, 1
95, 3, 86, 0, 5
86, 3, 87, 0, 0
87, 3, 88, 0, 0
88, 3, 89, 0, 0
89, 1, 89, 10, 0
41, 3, 43, 0, 4
43, 1, 42, 0, 3
42, 1, 72, 0, 1
72, 3, 64, 0, 4
64, 1, 63, 0, 3
63, 3, 75, 0, 4
75, 1, 83, 0, 2
83, 3, 85, 0, 5
85, 3, 85, 0, 2
85, 3, 88, 0, 4
88, 3, 89, 0, 4
89, 1, 88, 0, 3
88, 3, 88, 10, 3
41, 3, 52, 0, 1
52, 3, 43, 0, 5
43, 1, 53, 0, 0
53, 3, 64, 0, 1
64, 1, 74, 0, 1
74, 3, 64, 0, 2
64, 1, 74, 0, 2
74, 3, 75, 0, 2
75, 1, 76, 0, 3
76, 1, 97, 0, 4
97, 3, 98, 0, 4
98, 3, 99, 0, 4
41, 3, 41, 0, 2
41, 3, 53, 0, 1
53, 3, 43, 0, 2
43, 1, 55, 0, 4
55, 1, 74, 0, 1
74, 3, 55, 0, 3
55, 1, 75, 0, 5
75, 1, 95, 0, 1
95, 3, 87, 0, 4
87, 3, 77, 0, 3
77, 3, 87, 0, 2
87, 3, 89, 0, 5
89, 1, 89, 10, 5
41, 3, 43, 0, 4
43, 1, 62, 0, 1
62, 3, 52, 0, 2
52, 3, 44, 0, 3
44, 1, 65, 0, 4
65, 1, 84, 0, 1
84, 3, 74, 0, 2
74, 3, 76, 0, 5
76, 1, 85, 0, 2
85, 3, 86, 0, 2
86, 3, 87, 0, 2
87, 3, 99, 0, 1
41, 3, 43, 0, 4
43, 1, 53, 0, 4
53, 3, 53, 0, 5
53, 3, 44, 0, 3
44, 1, 63, 0, 2
63, 3, 66, 0, 4
66, 1, 75, 0, 5
75, 1, 95, 0, 1
95, 3, 87, 0, 4
87, 3, 86, 0, 2
86, 3, 89, 0, 4
89, 1, 97, 0, 2
97, 3, 97, 10, 2
41, 3, 42, 0, 0
42, 1, 51, 0, 2
51, 3, 63, 0, 1
63, 3, 44, 0, 3
44, 1, 65, 0, 4
65, 1, 64, 0, 3
64, 1, 74, 0, 3
74, 3, 86, 0, 4
86, 3, 85, 0, 2
85, 3, 87, 0, 5
87, 3, 89, 0, 4
89, 1, 98, 0, 1
98, 3, 98, 10, 1
41, 3, 41, 0, 2
41, 3, 44, 0, 4
44, 1, 43, 0, 3
43, 1, 73, 0, 1
73, 3, 63, 0, 2
63, 3, 55, 0, 3
55, 1, 85, 0, 1
85, 3, 76, 0, 5
76, 1, 86, 0, 0
86, 3, 88, 0, 4
88, 3, 89, 0, 4
89, 1, 98, 0, 1
98, 3, 98, 10, 1
41, 3, 41, 0, 2
41, 3, 53, 0, 1
53, 3, 54, 0, 1
54, 1, 54, 0, 5
54, 1, 74, 0, 1
74, 3, 65, 0, 5
65, 1, 85, 0, 1
85, 3, 77, 0, 4
77, 3, 76, 0, 2
76, 1, 88, 0, 4
88, 3, 88, 0, 5
88, 3, 79, 0, 3
79, 1, 79, 10, 3
41, 3, 43, 0, 4
43, 1, 53, 0, 4
53, 3, 53, 0, 5
53, 3, 44, 0, 3
44, 1, 63, 0, 2
63, 3, 65, 0, 5
65, 1, 76, 0, 4
76, 1, 84, 0, 2
84, 3, 87, 0, 4
87, 3, 77, 0, 3
77, 3, 78, 0, 3
78, 1, 97, 0, 2
97, 3, 97, 10, 2
41, 3, 42, 0, 0
42, 1, 53, 0, 4
53, 3, 43, 0, 3
43, 1, 73, 0, 1
73, 3, 65, 0, 4
65, 1, 75, 0, 4
75, 1, 94, 0, 1
94, 3, 75, 0, 3
75, 1, 95, 0, 5
95, 3, 96, 0, 1
96, 3, 97, 0, 5
97, 3, 88, 0, 3
88, 3, 88, 10, 3
41, 3, 32, 0, 3
32, 1, 53, 0, 4
53, 3, 63, 0, 1
63, 3, 55, 0, 4
55, 1, 63, 0, 2
63, 3, 75, 0, 1
75, 1, 74, 0, 2
74, 3, 76, 0, 5
76, 1, 87, 0, 4
87, 3, 87, 0, 5
87, 3, 88, 0, 0
88, 3, 89, 0, 4
89, 1, 89, 10, 4
41, 3, 43, 0, 4
43, 1, 51, 0, 2
51, 3, 53, 0, 5
53, 3, 53, 0, 2
53, 3, 56, 0, 4
56, 1, 66, 0, 4
66, 1, 85, 0, 1
85, 3, 76, 0, 5
76, 1, 86, 0, 0
86, 3, 86, 0, 2
86, 3, 87, 0, 2
87, 3, 88, 0, 2
88, 3, 89, 0, 5
89, 1, 89, 10, 5
41, 3, 41, 0, 2
41, 3, 44, 0, 4
44, 1, 53, 0, 5
53, 3, 55, 0, 4
55, 1, 54, 0, 3
54, 1, 74, 0, 5
74, 3, 76, 0, 4
76, 1, 75, 0, 3
75, 1, 96, 0, 4
96, 3, 86, 0, 3
86, 3, 97, 0, 1
97, 3, 98, 0, 5
98, 3, 98, 10, 5
41, 3, 43, 0, 4
43, 1, 53, 0, 4
53, 3, 43, 0, 3
43, 1, 53, 0, 3
53, 3, 63, 0, 2
63, 3, 66, 0, 4
66, 1, 74, 0, 2
74, 3, 77, 0, 4
77, 3, 78, 0, 4
78, 1, 87, 0, 5
87, 3, 98, 0, 1
98, 3, 88, 0, 2
88, 3, 89, 0, 5
89, 1, 89, 10, 5
41, 3, 41, 0, 2
41, 3, 53, 0, 1
53, 3, 34, 0, 3
34, 1, 53, 0, 2
53, 3, 54, 0, 2
54, 1, 75, 0, 1
75, 1, 85, 0, 1
85, 3, 75, 0, 2
75, 1, 96, 0, 1
96, 3, 86, 0, 2
86, 3, 78, 0, 3
78, 1, 98, 0, 5
98, 3, 98, 10, 5
41, 3, 32, 0, 3
32, 1, 62, 0, 1
62, 3, 63, 0, 1
63, 3, 44, 0, 3
44, 1, 74, 0, 1
74, 3, 66, 0, 4
66, 1, 85, 0, 1
85, 3, 77, 0, 4
77, 3, 78, 0, 4
78, 1, 88, 0, 4
88, 3, 87, 0, 2
87, 3, 89, 0, 5
89, 1, 89, 10, 5
41, 3, 42, 0, 0
42, 1, 62, 0, 1
62, 3, 53, 0, 5
53, 3, 53, 0, 2
53, 3, 56, 0, 4
56, 1, 75, 0, 1
75, 1, 76, 0, 4
76, 1, 75, 0, 3
75, 1, 95, 0, 5
95, 3, 96, 0, 1
96, 3, 97, 0, 1
97, 3, 88, 0, 3
88, 3, 88, 10, 3
41, 3, 42, 0, 0
42, 1, 62, 0, 1
62, 3, 53, 0, 5
53, 3, 53, 0, 2
53, 3, 65, 0, 1
65, 1, 65, 0, 5
65, 1, 65, 0, 3
65, 1, 75, 0, 3
75, 1, 96, 0, 4
96, 3, 96, 0, 5
96, 3, 87, 0, 3
87, 3, 98, 0, 1
98, 3, 98, 10, 1
41, 3, 52, 0, 1
52, 3, 53, 0, 1
53, 3, 54, 0, 1
54, 1, 64, 0, 1
64, 1, 65, 0, 4
65, 1, 73, 0, 2
73, 3, 74, 0, 2
74, 3, 76, 0, 5
76, 1, 96, 0, 1
96, 3, 86, 0, 2
86, 3, 98, 0, 1
98, 3, 89, 0, 5
89, 1, 89, 10, 5
41, 3, 41, 0, 2
41, 3, 33, 0, 3
33, 1, 54, 0, 4
54, 1, 63, 0, 5
63, 3, 63, 0, 2
63, 3, 55, 0, 3
55, 1, 85, 0, 1
85, 3, 66, 0, 3
66, 1, 76, 0, 3
76, 1, 95, 0, 2
95, 3, 97, 0, 1
97, 3, 98, 0, 5
98, 3, 98, 10, 5
41, 3, 52, 0, 1
52, 3, 44, 0, 4
44, 1, 54, 0, 4
54, 1, 53, 0, 3
53, 3, 54, 0, 3
54, 1, 75, 0, 4
75, 1, 85, 0, 4
85, 3, 85, 0, 5
85, 3, 85, 0, 2
85, 3, 86, 0, 2
86, 3, 98, 0, 1
98, 3, 88, 0, 2
88, 3, 88, 0, 2
88, 3, 79, 0, 3
79, 1, 79, 10, 3
41, 3, 32, 0, 3
32, 1, 53, 0, 4
53, 3, 53, 0, 5
53, 3, 55, 0, 4
55, 1, 65, 0, 4
65, 1, 84, 0, 1
84, 3, 76, 0, 4
76, 1, 85, 0, 5
85, 3, 86, 0, 0
86, 3, 97, 0, 1
97, 3, 98, 0, 1
98, 3, 79, 0, 3
79, 1, 79, 10, 3
41, 3, 41, 0, 2
41, 3, 42, 0, 2
42, 1, 53, 0, 5
53, 3, 53, 0, 2
53, 3, 54, 0, 2
54, 1, 66, 0, 4
66, 1, 75, 0, 5
75, 1, 84, 0, 2
84, 3, 85, 0, 2
85, 3, 88, 0, 4
88, 3, 78, 0, 3
78, 1, 88, 0, 3
88, 3, 88, 10, 3
41, 3, 32, 0, 3
32, 1, 53, 0, 4
53, 3, 52, 0, 2
52, 3, 54, 0, 5
54, 1, 64, 0, 0
64, 1, 73, 0, 2
73, 3, 75, 0, 5
75, 1, 95, 0, 1
95, 3, 76, 0, 3
76, 1, 96, 0, 5
96, 3, 98, 0, 4
98, 3, 97, 0, 2
97, 3, 97, 10, 2
41, 3, 41, 0, 2
41, 3, 33, 0, 3
33, 1, 63, 0, 1
63, 3, 53, 0, 2
53, 3, 45, 0, 3
45, 1, 64, 0, 2
64, 1, 65, 0, 3
65, 1, 84, 0, 2
84, 3, 96, 0, 1
96, 3, 87, 0, 5
87, 3, 89, 0, 4
89, 1, 97, 0, 2
97, 3, 97, 10, 2
41, 3, 42, 0, 0
42, 1, 62, 0, 1
62, 3, 52, 0, 2
52, 3, 53, 0, 2
53, 3, 54, 0, 2
54, 1, 55, 0, 3
55, 1, 75, 0, 5
75, 1, 95, 0, 1
95, 3, 85, 0, 2
85, 3, 77, 0, 3
77, 3, 78, 0, 3
78, 1, 98, 0, 5
98, 3, 98, 10, 5
41, 3, 42, 0, 0
42, 1, 42, 0, 3
42, 1, 52, 0, 3
52, 3, 73, 0, 1
73, 3, 65, 0, 4
65, 1, 74, 0, 5
74, 3, 76, 0, 4
76, 1, 75, 0, 3
75, 1, 95, 0, 1
95, 3, 95, 0, 2
95, 3, 98, 0, 4
98, 3, 98, 0, 1
98, 3, 98, 10, 1
41, 3, 42, 0, 0
42, 1, 51, 0, 2
51, 3, 53, 0, 5
53, 3, 44, 0, 3
44, 1, 63, 0, 2
63, 3, 55, 0, 3
55, 1, 75, 0, 5
75, 1, 84, 0, 2
84, 3, 76, 0, 3
76, 1, 96, 0, 1
96, 3, 97, 0, 1
97, 3, 98, 0, 1
98, 3, 98, 10, 1
41, 3, 43, 0, 4
43, 1, 51, 0, 2
51, 3, 43, 0, 3
43, 1, 73, 0, 1
73, 3, 54, 0, 3
54, 1, 84, 0, 1
84, 3, 75, 0, 5
75, 1, 85, 0, 0
85, 3, 76, 0, 3
76, 1, 96, 0, 5
96, 3, 87, 0, 3
87, 3, 97, 0, 2
97, 3, 97, 10, 2
41, 3, 52, 0, 1
52, 3, 44, 0, 4
44, 1, 53, 0, 5
53, 3, 44, 0, 3
44, 1, 63, 0, 2
63, 3, 64, 0, 2
64, 1, 75, 0, 5
75, 1, 86, 0, 4
86, 3, 76, 0, 3
76, 1, 96, 0, 1
96, 3, 97, 0, 5
97, 3, 99, 0, 4
41, 3, 32, 0, 3
32, 1, 42, 0, 3
42, 1, 52, 0, 3
52, 3, 53, 0, 3
53, 3, 63, 0, 2
63, 3, 64, 0, 2
64, 1, 76, 0, 4
76, 1, 86, 0, 4
86, 3, 96, 0, 1
96, 3, 88, 0, 4
88, 3, 87, 0, 2
87, 3, 99, 0, 1
41, 3, 41, 0, 2
41, 3, 44, 0, 4
44, 1, 43, 0, 3
43, 1, 63, 0, 5
63, 3, 74, 0, 1
74, 3, 64, 0, 2
64, 1, 76, 0, 4
76, 1, 84, 0, 2
84, 3, 86, 0, 5
86, 3, 88, 0, 4
88, 3, 87, 0, 2
87, 3, 89, 0, 5
89, 1, 89, 10, 5
41, 3, 52, 0, 1
52, 3, 43, 0, 5
43, 1, 54, 0, 4
54, 1, 53, 0, 3
53, 3, 63, 0, 2
63, 3, 64, 0, 2
64, 1, 74, 0, 2
74, 3, 76, 0, 5
76, 1, 76, 0, 3
76, 1, 86, 0, 3
86, 3, 97, 0, 1
97, 3, 98, 0, 1
98, 3, 98, 10, 1
41, 3, 32, 0, 3
32, 1, 51, 0, 2
51, 3, 52, 0, 2
52, 3, 55, 0, 4
55, 1, 64, 0, 5
64, 1, 74, 0, 0
74, 3, 74, 0, 2
74, 3, 76, 0, 5
76, 1, 76, 0, 3
76, 1, 86, 0, 3
86, 3, 96, 0, 2
96, 3, 98, 0, 1
98, 3, 98, 10, 1
41, 3, 52, 0, 1
52, 3, 42, 0, 2
42, 1, 52, 0, 2
52, 3, 44, 0, 3
44, 1, 54, 0, 3
54, 1, 84, 0, 1
84, 3, 74, 0, 2
74, 3, 86, 0, 1
86, 3, 87, 0, 1
87, 3, 79, 0, 4
79, 1, 78, 0, 3
78, 1, 98, 0, 1
98, 3, 98, 10, 1
41, 3, 41, 0, 2
41, 3, 44, 0, 4
44, 1, 52, 0, 2
52, 3, 55, 0, 4
55, 1, 64, 0, 5
64, 1, 73, 0, 2
73, 3, 85, 0, 1
85, 3, 75, 0, 2
75, 1, 86, 0, 5
86, 3, 77, 0, 3
77, 3, 89, 0, 4
89, 1, 98, 0, 1
98, 3, 98, 10, 1
41, 3, 52, 0, 1
52, 3, 43, 0, 5
43, 1, 52, 0, 2
52, 3, 64, 0, 1
64, 1, 74, 0, 1
74, 3, 75, 0, 1
75, 1, 75, 0, 5
75, 1, 95, 0, 1
95, 3, 76, 0, 3
76, 1, 86, 0, 3
86, 3, 96, 0, 2
96, 3, 97, 0, 2
97, 3, 97, 10, 2
41, 3, 42, 0, 0
42, 1, 51, 0, 2
51, 3, 53, 0, 5
53, 3, 53, 0, 2
53, 3, 45, 0, 3
45, 1, 64, 0, 2
64, 1, 76, 0, 4
76, 1, 86, 0, 4
86, 3, 86, 0, 5
86, 3, 88, 0, 4
88, 3, 89, 0, 4
89, 1, 88, 0, 3
88, 3, 88, 10, 3
41, 3, 52, 0, 1
52, 3, 42, 0, 2
42, 1, 52, 0, 2
52, 3, 44, 0, 3
44, 1, 63, 0, 2
63, 3, 75, 0, 1
75, 1, 65, 0, 3
65, 1, 75, 0, 3
75, 1, 95, 0, 1
95, 3, 96, 0, 1
96, 3, 96, 0, 2
96, 3, 99, 0, 4
41, 3, 43, 0, 4
43, 1, 42, 0, 3
42, 1, 61, 0, 2
61, 3, 63, 0, 5
63, 3, 74, 0, 1
74, 3, 55, 0, 3
55, 1, 75, 0, 5
75, 1, 86, 0, 4
86, 3, 85, 0, 2
85, 3, 77, 0, 3
77, 3, 88, 0, 5
88, 3, 89, 0, 0
89, 1, 89, 10, 0
41, 3, 32, 0, 3
32, 1, 51, 0, 2
51, 3, 52, 0, 2
52, 3, 54, 0, 5
54, 1, 74, 0, 1
74, 3, 75, 0, 1
75, 1, 85, 0, 1
85, 3, 66, 0, 3
66, 1, 96, 0, 1
96, 3, 97, 0, 1
97, 3, 88, 0, 5
88, 3, 79, 0, 3
79, 1, 79, 10, 3
41, 3, 32, 0, 3
32, 1, 52, 0, 5
52, 3, 63, 0, 1
63, 3, 53, 0, 2
53, 3, 55, 0, 5
55, 1, 65, 0, 0
65, 1, 85, 0, 1
85, 3, 75, 0, 2
75, 1, 87, 0, 4
87, 3, 88, 0, 4
88, 3, 89, 0, 4
89, 1, 98, 0, 1
98, 3, 98, 10, 1
41, 3, 32, 0, 3
32, 1, 42, 0, 3
42, 1, 72, 0, 1
72, 3, 53, 0, 3
53, 3, 65, 0, 4
65, 1, 75, 0, 4
75, 1, 85, 0, 4
85, 3, 86, 0, 4
86, 3, 87, 0, 4
87, 3, 87, 0, 5
87, 3, 89, 0, 4
89, 1, 97, 0, 2
97, 3, 97, 10, 2
41, 3, 52, 0, 1
52, 3, 43, 0, 5
43, 1, 52, 0, 2
52, 3, 44, 0, 3
44, 1, 65, 0, 4
65, 1, 64, 0, 3
64, 1, 74, 0, 3
74, 3, 84, 0, 2
84, 3, 76, 0, 3
76, 1, 96, 0, 5
96, 3, 87, 0, 3
87, 3, 98, 0, 1
98, 3, 98, 10, 1
41, 3, 42, 0, 0
42, 1, 52, 0, 0
52, 3, 63, 0, 1
63, 3, 54, 0, 5
54, 1, 54, 0, 3
54, 1, 74, 0, 5
74, 3, 76, 0, 4
76, 1, 85, 0, 5
85, 3, 85, 0, 2
85, 3, 87, 0, 5
87, 3, 78, 0, 3
78, 1, 99, 0, 4
41, 3, 43, 0, 4
43, 1, 51, 0, 2
51, 3, 43, 0, 3
43, 1, 64, 0, 4
64, 1, 63, 0, 3
63, 3, 84, 0, 1
84, 3, 65, 0, 3
65, 1, 95, 0, 1
95, 3, 85, 0, 2
85, 3, 77, 0, 3
77, 3, 89, 0, 4
89, 1, 88, 0, 3
88, 3, 88, 10, 3
41, 3, 43, 0, 4
43, 1, 52, 0, 5
52, 3, 54, 0, 4
54, 1, 64, 0, 4
64, 1, 63, 0, 3
63, 3, 75, 0, 4
75, 1, 84, 0, 5
84, 3, 84, 0, 2
84, 3, 76, 0, 3
76, 1, 86, 0, 3
86, 3, 97, 0, 1
97, 3, 97, 0, 2
97, 3, 97, 10, 2
41, 3, 41, 0, 2
41, 3, 33, 0, 3
33, 1, 63, 0, 1
63, 3, 64, 0, 1
64, 1, 63, 0, 2
63, 3, 66, 0, 4
66, 1, 65, 0, 3
65, 1, 75, 0, 3
75, 1, 85, 0, 3
85, 3, 96, 0, 1
96, 3, 87, 0, 3
87, 3, 88, 0, 3
88, 3, 88, 10, 3
41, 3, 32, 0, 3
32, 1, 42, 0, 3
42, 1, 63, 0, 4
63, 3, 63, 0, 5
63, 3, 74, 0, 1
74, 3, 55, 0, 3
55, 1, 85, 0, 1
85, 3, 76, 0, 5
76, 1, 96, 0, 1
96, 3, 87, 0, 5
87, 3, 88, 0, 0
88, 3, 89, 0, 0
89, 1, 89, 10, 0
41, 3, 41, 0, 2
41, 3, 43, 0, 5
43, 1, 53, 0, 0
53, 3, 64, 0, 1
64, 1, 74, 0, 1
74, 3, 66, 0, 4
66, 1, 76, 0, 4
76, 1, 84, 0, 2
84, 3, 85, 0, 2
85, 3, 87, 0, 5
87, 3, 89, 0, 4
89, 1, 98, 0, 5
98, 3, 98, 10, 5
41, 3, 42, 0, 0
42, 1, 42, 0, 3
42, 1, 72, 0, 1
72, 3, 73, 0, 1
73, 3, 65, 0, 4
65, 1, 75, 0, 4
75, 1, 74, 0, 3
74, 3, 86, 0, 4
86, 3, 96, 0, 1
96, 3, 97, 0, 1
97, 3, 87, 0, 2
87, 3, 89, 0, 4
89, 1, 89, 10, 4
41, 3, 43, 0, 4
43, 1, 53, 0, 4
53, 3, 43, 0, 3
43, 1, 62, 0, 2
62, 3, 63, 0, 2
63, 3, 65, 0, 5
65, 1, 65, 0, 3
65, 1, 75, 0, 3
75, 1, 96, 0, 4
96, 3, 95, 0, 2
95, 3, 87, 0, 3
87, 3, 98, 0, 5
98, 3, 98, 10, 5
41, 3, 43, 0, 4
43, 1, 53, 0, 4
53, 3, 43, 0, 3
43, 1, 64, 0, 4
64, 1, 74, 0, 4
74, 3, 74, 0, 5
74, 3, 74, 0, 2
74, 3, 76, 0, 5
76, 1, 85, 0, 2
85, 3, 86, 0, 2
86, 3, 88, 0, 5
88, 3, 88, 0, 2
88, 3, 89, 0, 4
89, 1, 89, 10, 4
41, 3, 32, 0, 3
32, 1, 62, 0, 1
62, 3, 63, 0, 1
63, 3, 55, 0, 4
55, 1, 54, 0, 3
54, 1, 74, 0, 5
74, 3, 85, 0, 1
85, 3, 66, 0, 3
66, 1, 86, 0, 5
86, 3, 87, 0, 0
87, 3, 98, 0, 1
98, 3, 88, 0, 2
88, 3, 88, 0, 2
88, 3, 99, 0, 1
41, 3, 32, 0, 3
32, 1, 51, 0, 2
51, 3, 52, 0, 2
52, 3, 44, 0, 3
44, 1, 63, 0, 2
63, 3, 65, 0, 5
65, 1, 76, 0, 4
76, 1, 85, 0, 5
85, 3, 96, 0, 1
96, 3, 86, 0, 2
86, 3, 78, 0, 3
78, 1, 98, 0, 5
98, 3, 98, 10, 5
41, 3, 42, 0, 0
42, 1, 51, 0, 2
51, 3, 54, 0, 4
54, 1, 53, 0, 3
53, 3, 64, 0, 5
64, 1, 73, 0, 2
73, 3, 85, 0, 1
85, 3, 75, 0, 2
75, 1, 96, 0, 1
96, 3, 88, 0, 4
88, 3, 78, 0, 3
78, 1, 98, 0, 5
98, 3, 98, 10, 5
41, 3, 52, 0, 1
52, 3, 42, 0, 2
42, 1, 43, 0, 3
43, 1, 73, 0, 1
73, 3, 63, 0, 2
63, 3, 64, 0, 2
64, 1, 65, 0, 3
65, 1, 84, 0, 2
84, 3, 86, 0, 5
86, 3, 77, 0, 3
77, 3, 87, 0, 2
87, 3, 99, 0, 1
41, 3, 52, 0, 1
52, 3, 43, 0, 5
43, 1, 63, 0, 1
63, 3, 54, 0, 5
54, 1, 65, 0, 4
65, 1, 73, 0, 2
73, 3, 85, 0, 1
85, 3, 66, 0, 3
66, 1, 96, 0, 1
96, 3, 88, 0, 4
88, 3, 89, 0, 4
89, 1, 98, 0, 5
98, 3, 98, 10, 5
41, 3, 42, 0, 0
42, 1, 52, 0, 0
52, 3, 52, 0, 2
52, 3, 53, 0, 2
53, 3, 54, 0, 2
54, 1, 55, 0, 3
55, 1, 74, 0, 2
74, 3, 86, 0, 1
86, 3, 76, 0, 2
76, 1, 77, 0, 3
77, 3, 88, 0, 5
88, 3, 89, 0, 4
89, 1, 89, 10, 4
41, 3, 42, 0, 0
42, 1, 53, 0, 4
53, 3, 54, 0, 4
54, 1, 62, 0, 2
62, 3, 74, 0, 1
74, 3, 64, 0, 2
64, 1, 65, 0, 3
65, 1, 86, 0, 4
86, 3, 87, 0, 4
87, 3, 88, 0, 4
88, 3, 87, 0, 2
87, 3, 88, 0, 2
88, 3, 88, 0, 2
88, 3, 88, 0, 2
88, 3, 89, 0, 5
89, 1, 89, 10, 5
41, 3, 52, 0, 1
52, 3, 43, 0, 5
43, 1, 52, 0, 2
52, 3, 44, 0, 3
44, 1, 74, 0, 1
74, 3, 64, 0, 2
64, 1, 75, 0, 5
75, 1, 86, 0, 4
86, 3, 86, 0, 5
86, 3, 86, 0, 2
86, 3, 98, 0, 1
98, 3, 88, 0, 2
88, 3, 88, 0, 2
88, 3, 79, 0, 3
79, 1, 79, 10, 3
41, 3, 43, 0, 4
43, 1, 51, 0, 2
51, 3, 54, 0, 4
54, 1, 62, 0, 2
62, 3, 64, 0, 5
64, 1, 73, 0, 2
73, 3, 76, 0, 4
76, 1, 85, 0, 5
85, 3, 85, 0, 2
85, 3, 87, 0, 5
87, 3, 89, 0, 4
89, 1, 99, 0, 4
41, 3, 42, 0, 0
42, 1, 52, 0, 0
52, 3, 52, 0, 2
52, 3, 53, 0, 2
53, 3, 54, 0, 2
54, 1, 66, 0, 4
66, 1, 65, 0, 3
65, 1, 86, 0, 4
86, 3, 76, 0, 3
76, 1, 97, 0, 4
97, 3, 97, 0, 5
97, 3, 97, 0, 2
97, 3, 97, 10, 2
41, 3, 41, 0, 2
41, 3, 42, 0, 2
42, 1, 53, 0, 5
53, 3, 55, 0, 4
55, 1, 64, 0, 5
64, 1, 74, 0, 0
74, 3, 74, 0, 2
74, 3, 77, 0, 4
77, 3, 77, 0, 5
77, 3, 88, 0, 1
88, 3, 79, 0, 4
79, 1, 99, 0, 1
41, 3, 41, 0, 2
41, 3, 42, 0, 2
42, 1, 54, 0, 4
54, 1, 63, 0, 5
63, 3, 64, 0, 0
64, 1, 73, 0, 2
73, 3, 75, 0, 5
75, 1, 86, 0, 4
86, 3, 85, 0, 2
85, 3, 86, 0, 2
86, 3, 89, 0, 4
89, 1, 99, 0, 4
41, 3, 52, 0, 1
52, 3, 43, 0, 5
43, 1, 52, 0, 2
52, 3, 55, 0, 4
55, 1, 63, 0, 2
63, 3, 65, 0, 5
65, 1, 85, 0, 1
85, 3, 66, 0, 3
66, 1, 76, 0, 3
76, 1, 96, 0, 1
96, 3, 97, 0, 5
97, 3, 98, 0, 0
98, 3, 98, 10, 0
41, 3, 43, 0, 4
43, 1, 52, 0, 5
52, 3, 63, 0, 1
63, 3, 44, 0, 3
44, 1, 74, 0, 1
74, 3, 75, 0, 1
75, 1, 74, 0, 2
74, 3, 66, 0, 3
66, 1, 87, 0, 4
87, 3, 87, 0, 5
87, 3, 78, 0, 3
78, 1, 98, 0, 1
98, 3, 98, 10, 1
41, 3, 41, 0, 2
41, 3, 53, 0, 1
53, 3, 43, 0, 2
43, 1, 54, 0, 5
54, 1, 64, 0, 0
64, 1, 75, 0, 4
75, 1, 84, 0, 5
84, 3, 75, 0, 3
75, 1, 95, 0, 1
95, 3, 96, 0, 5
96, 3, 97, 0, 1
97, 3, 97, 0, 2
97, 3, 97, 10, 2
41, 3, 32, 0, 3
32, 1, 51, 0, 2
51, 3, 52, 0, 2
52, 3, 53, 0, 2
53, 3, 45, 0, 3
45, 1, 66, 0, 4
66, 1, 85, 0, 1
85, 3, 66, 0, 3
66, 1, 85, 0, 2
85, 3, 77, 0, 3
77, 3, 88, 0, 5
88, 3, 79, 0, 3
79, 1, 79, 10, 3
41, 3, 52, 0, 1
52, 3, 42, 0, 2
42, 1, 63, 0, 1
63, 3, 54, 0, 5
54, 1, 65, 0, 4
65, 1, 74, 0, 5
74, 3, 76, 0, 4
76, 1, 75, 0, 3
75, 1, 85, 0, 3
85, 3, 86, 0, 3
86, 3, 96, 0, 2
96, 3, 98, 0, 1
98, 3, 98, 10, 1
41, 3, 41, 0, 2
41, 3, 33, 0, 3
33, 1, 52, 0, 2
52, 3, 64, 0, 1
64, 1, 64, 0, 5
64, 1, 75, 0, 4
75, 1, 83, 0, 2
83, 3, 86, 0, 4
86, 3, 85, 0, 2
85, 3, 77, 0, 3
77, 3, 78, 0, 3
78, 1, 97, 0, 2
97, 3, 97, 10, 2
41, 3, 41, 0, 2
41, 3, 53, 0, 1
53, 3, 44, 0, 5
44, 1, 55, 0, 4
55, 1, 54, 0, 3
54, 1, 74, 0, 5
74, 3, 85, 0, 1
85, 3, 86, 0, 1
86, 3, 78, 0, 4
78, 1, 97, 0, 1
97, 3, 78, 0, 3
78, 1, 98, 0, 5
98, 3, 98, 10, 5
41, 3, 41, 0, 2
41, 3, 43, 0, 5
43, 1, 53, 0, 0
53, 3, 64, 0, 1
64, 1, 54, 0, 3
54, 1, 74, 0, 5
74, 3, 76, 0, 4
76, 1, 84, 0, 2
84, 3, 86, 0, 5
86, 3, 86, 0, 2
86, 3, 89, 0, 4
89, 1, 88, 0, 3
88, 3, 88, 10, 3
41, 3, 32, 0, 3
32, 1, 62, 0, 1
62, 3, 54, 0, 4
54, 1, 53, 0, 3
53, 3, 63, 0, 2
63, 3, 64, 0, 2
64, 1, 75, 0, 5
75, 1, 86, 0, 4
86, 3, 85, 0, 2
85, 3, 77, 0, 3
77, 3, 88, 0, 5
88, 3, 79, 0, 3
79, 1, 79, 10, 3
41, 3, 42, 0, 0
42, 1, 52, 0, 0
52, 3, 63, 0, 1
63, 3, 54, 0, 5
54, 1, 54, 0, 3
54, 1, 84, 0, 1
84, 3, 65, 0, 3
65, 1, 85, 0, 5
85, 3, 86, 0, 0
86, 3, 77, 0, 3
77, 3, 89, 0, 4
89, 1, 88, 0, 3
88, 3, 88, 10, 3
41, 3, 41, 0, 2
41, 3, 42, 0, 2
42, 1, 54, 0, 4
54, 1, 64, 0, 4
64, 1, 63, 0, 3
63, 3, 84, 0, 1
84, 3, 74, 0, 2
74, 3, 77, 0, 4
77, 3, 77, 0, 5
77, 3, 79, 0, 4
79, 1, 78, 0, 3
78, 1, 98, 0, 1
98, 3, 98, 10, 1
41, 3, 42, 0, 0
42, 1, 42, 0, 3
42, 1, 72, 0, 1
72, 3, 64, 0, 4
64, 1, 83, 0, 1
83, 3, 64, 0, 3
64, 1, 94, 0, 1
94, 3, 85, 0, 5
85, 3, 96, 0, 1
96, 3, 87, 0, 5
87, 3, 88, 0, 0
88, 3, 88, 0, 2
88, 3, 79, 0, 3
79, 1, 79, 10, 3
41, 3, 52, 0, 1
52, 3, 43, 0, 5
43, 1, 53, 0, 0
53, 3, 44, 0, 3
44, 1, 64, 0, 5
64, 1, 74, 0, 0
74, 3, 76, 0, 4
76, 1, 75, 0, 3
75, 1, 96, 0, 4
96, 3, 96, 0, 5
96, 3, 96, 0, 2
96, 3, 98, 0, 5
98, 3, 98, 10, 5
41, 3, 52, 0, 1
52, 3, 33, 0, 3
33, 1, 43, 0, 3
43, 1, 73, 0, 1
73, 3, 65, 0, 4
65, 1, 64, 0, 3
64, 1, 94, 0, 1
94, 3, 75, 0, 3
75, 1, 96, 0, 4
96, 3, 95, 0, 2
95, 3, 98, 0, 4
98, 3, 99, 0, 4
41, 3, 41, 0, 2
41, 3, 44, 0, 4
44, 1, 63, 0, 1
63, 3, 64, 0, 1
64, 1, 65, 0, 4
65, 1, 75, 0, 4
75, 1, 74, 0, 3
74, 3, 85, 0, 5
85, 3, 86, 0, 0
86, 3, 97, 0, 1
97, 3, 87, 0, 2
87, 3, 89, 0, 5
89, 1, 89, 10, 5
41, 3, 41, 0, 2
41, 3, 33, 0, 3
33, 1, 43, 0, 3
43, 1, 73, 0, 1
73, 3, 65, 0, 4
65, 1, 84, 0, 1
84, 3, 74, 0, 2
74, 3, 66, 0, 3
66, 1, 85, 0, 2
85, 3, 86, 0, 2
86, 3, 88, 0, 5
88, 3, 88, 0, 2
88, 3, 89, 0, 5
89, 1, 89, 10, 5
41, 3, 43, 0, 4
43, 1, 52, 0, 5
52, 3, 53, 0, 0
53, 3, 53, 0, 2
53, 3, 55, 0, 5
55, 1, 55, 0, 3
55, 1, 75, 0, 5
75, 1, 84, 0, 2
84, 3, 87, 0, 4
87, 3, 88, 0, 4
88, 3, 78, 0, 3
78, 1, 88, 0, 3
88, 3, 88, 10, 3
41, 3, 41, 0, 2
41, 3, 33, 0, 3
33, 1, 53, 0, 5
53, 3, 64, 0, 1
64, 1, 64, 0, 5
64, 1, 74, 0, 0
74, 3, 76, 0, 4
76, 1, 86, 0, 4
86, 3, 85, 0, 2
85, 3, 97, 0, 1
97, 3, 89, 0, 4
89, 1, 98, 0, 5
98, 3, 98, 10, 5
41, 3, 42, 0, 0
42, 1, 62, 0, 1
62, 3, 63, 0, 1
63, 3, 64, 0, 1
64, 1, 64, 0, 5
64, 1, 75, 0, 4
75, 1, 94, 0, 1
94, 3, 95, 0, 1
95, 3, 76, 0, 3
76, 1, 95, 0, 2
95, 3, 96, 0, 2
96, 3, 99, 0, 4
41, 3, 52, 0, 1
52, 3, 42, 0, 2
42, 1, 43, 0, 3
43, 1, 73, 0, 1
73, 3, 64, 0, 5
64, 1, 75, 0, 4
75, 1, 83, 0, 2
83, 3, 84, 0, 2
84, 3, 86, 0, 5
86, 3, 87, 0, 0
87, 3, 88, 0, 0
88, 3, 99, 0, 1
41, 3, 43, 0, 4
43, 1, 51, 0, 2
51, 3, 43, 0, 3
43, 1, 53, 0, 3
53, 3, 74, 0, 1
74, 3, 55, 0, 3
55, 1, 76, 0, 4
76, 1, 85, 0, 5
85, 3, 86, 0, 0
86, 3, 97, 0, 1
97, 3, 98, 0, 1
98, 3, 88, 0, 2
88, 3, 88, 0, 2
88, 3, 89, 0, 4
89, 1, 89, 10, 4
41, 3, 43, 0, 4
43, 1, 51, 0, 2
51, 3, 53, 0, 5
53, 3, 54, 0, 0
54, 1, 65, 0, 4
65, 1, 84, 0, 1
84, 3, 76, 0, 4
76, 1, 85, 0, 5
85, 3, 86, 0, 0
86, 3, 77, 0, 3
77, 3, 88, 0, 5
88, 3, 88, 0, 2
88, 3, 88, 0, 2
88, 3, 89, 0, 5
89, 1, 89, 10, 5
41, 3, 41, 0, 2
41, 3, 33, 0, 3
33, 1, 63, 0, 1
63, 3, 53, 0, 2
53, 3, 65, 0, 1
65, 1, 65, 0, 5
65, 1, 75, 0, 0
75, 1, 86, 0, 4
86, 3, 87, 0, 4
87, 3, 97, 0, 1
97, 3, 88, 0, 5
88, 3, 99, 0, 1
41, 3, 41, 0, 2
41, 3, 42, 0, 2
42, 1, 52, 0, 2
52, 3, 54, 0, 5
54, 1, 65, 0, 4
65, 1, 73, 0, 2
73, 3, 76, 0, 4
76, 1, 86, 0, 4
86, 3, 85, 0, 2
85, 3, 97, 0, 1
97, 3, 98, 0, 1
98, 3, 79, 0, 3
79, 1, 79, 10, 3
41, 3, 32, 0, 3
32, 1, 52, 0, 5
52, 3, 43, 0, 3
43, 1, 62, 0, 2
62, 3, 63, 0, 2
63, 3, 64, 0, 2
64, 1, 75, 0, 5
75, 1, 85, 0, 0
85, 3, 96, 0, 1
96, 3, 77, 0, 3
77, 3, 78, 0, 3
78, 1, 88, 0, 3
88, 3, 88, 10, 3
41, 3, 43, 0, 4
43, 1, 51, 0, 2
51, 3, 52, 0, 2
52, 3, 55, 0, 4
55, 1, 74, 0, 1
74, 3, 75, 0, 1
75, 1, 85, 0, 1
85, 3, 76, 0, 5
76, 1, 85, 0, 2
85, 3, 77, 0, 3
77, 3, 98, 0, 1
98, 3, 88, 0, 2
88, 3, 88, 0, 2
88, 3, 89, 0, 5
89, 1, 89, 10, 5
41, 3, 42, 0, 0
42, 1, 42, 0, 3
42, 1, 52, 0, 3
52, 3, 73, 0, 1
73, 3, 74, 0, 1
74, 3, 66, 0, 4
66, 1, 75, 0, 5
75, 1, 84, 0, 2
84, 3, 86, 0, 5
86, 3, 88, 0, 4
88, 3, 88, 0, 5
88, 3, 99, 0, 1
41, 3, 42, 0, 0
42, 1, 52, 0, 0
52, 3, 54, 0, 4
54, 1, 64, 0, 4
64, 1, 72, 0, 2
72, 3, 73, 0, 2
73, 3, 74, 0, 2
74, 3, 86, 0, 1
86, 3, 87, 0, 1
87, 3, 77, 0, 2
77, 3, 79, 0, 4
79, 1, 89, 0, 4
89, 1, 89, 10, 4
41, 3, 42, 0, 0
42, 1, 53, 0, 4
53, 3, 43, 0, 3
43, 1, 62, 0, 2
62, 3, 74, 0, 1
74, 3, 64, 0, 2
64, 1, 74, 0, 2
74, 3, 76, 0, 5
76, 1, 86, 0, 0
86, 3, 88, 0, 4
88, 3, 98, 0, 1
98, 3, 79, 0, 3
79, 1, 79, 10, 3
41, 3, 32, 0, 3
32, 1, 53, 0, 4
53, 3, 63, 0, 1
63, 3, 55, 0, 4
55, 1, 65, 0, 4
65, 1, 64, 0, 3
64, 1, 74, 0, 3
74, 3, 75, 0, 3
75, 1, 95, 0, 5
95, 3, 95, 0, 2
95, 3, 96, 0, 2
96, 3, 98, 0, 5
98, 3, 98, 10, 5
41, 3, 42, 0, 0
42, 1, 52, 0, 0
52, 3, 54, 0, 4
54, 1, 63, 0, 5
63, 3, 64, 0, 0
64, 1, 73, 0, 2
73, 3, 76, 0, 4
76, 1, 95, 0, 1
95, 3, 85, 0, 2
85, 3, 86, 0, 2
86, 3, 98, 0, 1
98, 3, 99, 0, 1
41, 3, 42, 0, 0
42, 1, 42, 0, 3
42, 1, 72, 0, 1
72, 3, 73, 0, 1
73, 3, 63, 0, 2
63, 3, 64, 0, 2
64, 1, 65, 0, 3
65, 1, 85, 0, 5
85, 3, 86, 0, 0
86, 3, 77, 0, 3
77, 3, 87, 0, 2
87, 3, 99, 0, 1
41, 3, 41, 0, 2
41, 3, 43, 0, 5
43, 1, 53, 0, 0
53, 3, 53, 0, 2
53, 3, 65, 0, 1
65, 1, 66, 0, 4
66, 1, 65, 0, 3
65, 1, 84, 0, 2
84, 3, 86, 0, 5
86, 3, 97, 0, 1
97, 3, 87, 0, 2
87, 3, 79, 0, 3
79, 1, 79, 10, 3
41, 3, 52, 0, 1
52, 3, 53, 0, 1
53, 3, 44, 0, 5
44, 1, 44, 0, 3
44, 1, 54, 0, 3
54, 1, 74, 0, 5
74, 3, 76, 0, 4
76, 1, 75, 0, 3
75, 1, 95, 0, 5
95, 3, 86, 0, 3
86, 3, 96, 0, 2
96, 3, 98, 0, 5
98, 3, 98, 10, 5
41, 3, 41, 0, 2
41, 3, 53, 0, 1
53, 3, 54, 0, 1
54, 1, 44, 0, 3
44, 1, 54, 0, 3
54, 1, 75, 0, 4
75, 1, 94, 0, 1
94, 3, 85, 0, 5
85, 3, 87, 0, 4
87, 3, 88, 0, 4
88, 3, 78, 0, 3
78, 1, 97, 0, 2
97, 3, 97, 10, 2
41, 3, 41, 0, 2
41, 3, 33, 0, 3
33, 1, 52, 0, 2
52, 3, 55, 0, 4
55, 1, 65, 0, 4
65, 1, 64, 0, 3
64, 1, 84, 0, 5
84, 3, 75, 0, 3
75, 1, 85, 0, 3
85, 3, 86, 0, 3
86, 3, 96, 0, 2
96, 3, 98, 0, 5
98, 3, 98, 10, 5
41, 3, 41, 0, 2
41, 3, 43, 0, 5
43, 1, 63, 0, 1
63, 3, 64, 0, 1
64, 1, 74, 0, 1
74, 3, 64, 0, 2
64, 1, 74, 0, 2
74, 3, 77, 0, 4
77, 3, 87, 0, 1
87, 3, 88, 0, 1
88, 3, 69, 0, 3
69, 2, 68, 0, 3
68, 1, 87, 0, 2
87, 3, 89, 0, 5
89, 1, 89, 10, 5
41, 3, 32, 0, 3
32, 1, 62, 0, 1
62, 3, 52, 0, 2
52, 3, 64, 0, 1
64, 1, 64, 0, 5
64, 1, 64, 0, 3
64, 1, 74, 0, 3
74, 3, 84, 0, 2
84, 3, 85, 0, 2
85, 3, 77, 0, 3
77, 3, 89, 0, 4
89, 1, 97, 0, 2
97, 3, 97, 10, 2
41, 3, 41, 0, 2
41, 3, 33, 0, 3
33, 1, 54, 0, 4
54, 1, 73, 0, 1
73, 3, 54, 0, 3
54, 1, 74, 0, 5
74, 3, 85, 0, 1
85, 3, 76, 0, 5
76, 1, 86, 0, 0
86, 3, 97, 0, 1
97, 3, 98, 0, 1
98, 3, 88, 0, 2
88, 3, 89, 0, 5
89, 1, 89, 10, 5
41, 3, 43, 0, 4
43, 1, 52, 0, 5
52, 3, 53, 0, 0
53, 3, 44, 0, 3
44, 1, 64, 0, 5
64, 1, 64, 0, 3
64, 1, 74, 0, 3
74, 3, 75, 0, 3
75, 1, 96, 0, 4
96, 3, 96, 0, 5
96, 3, 97, 0, 0
97, 3, 97, 0, 2
97, 3, 97, 10, 2
41, 3, 42, 0, 0
42, 1, 51, 0, 2
51, 3, 53, 0, 5
53, 3, 53, 0, 2
53, 3, 54, 0, 2
54, 1, 75, 0, 1
75, 1, 85, 0, 1
85, 3, 76, 0, 5
76, 1, 87, 0, 4
87, 3, 87, 0, 5
87, 3, 78, 0, 3
78, 1, 97, 0, 2
97, 3, 97, 10, 2
41, 3, 42, 0, 0
42, 1, 52, 0, 0
52, 3, 43, 0, 3
43, 1, 62, 0, 2
62, 3, 63, 0, 2
63, 3, 65, 0, 5
65, 1, 85, 0, 1
85, 3, 76, 0, 5
76, 1, 85, 0, 2
85, 3, 86, 0, 2
86, 3, 98, 0, 1
98, 3, 99, 0, 1
41, 3, 32, 0, 3
32, 1, 53, 0, 4
53, 3, 52, 0, 2
52, 3, 54, 0, 5
54, 1, 65, 0, 4
65, 1, 73, 0, 2
73, 3, 76, 0, 4
76, 1, 84, 0, 2
84, 3, 87, 0, 4
87, 3, 87, 0, 5
87, 3, 87, 0, 2
87, 3, 99, 0, 1
41, 3, 41, 0, 2
41, 3, 53, 0, 1
53, 3, 54, 0, 1
54, 1, 54, 0, 5
54, 1, 64, 0, 0
64, 1, 84, 0, 1
84, 3, 75, 0, 5
75, 1, 84, 0, 2
84, 3, 85, 0, 2
85, 3, 87, 0, 5
87, 3, 98, 0, 1
98, 3, 79, 0, 3
79, 1, 79, 10, 3
41, 3, 41, 0, 2
41, 3, 33, 0, 3
33, 1, 53, 0, 5
53, 3, 53, 0, 2
53, 3, 56, 0, 4
56, 1, 65, 0, 5
65, 1, 65, 0, 3
65, 1, 95, 0, 1
95, 3, 96, 0, 1
96, 3, 86, 0, 2
86, 3, 78, 0, 3
78, 1, 99, 0, 4
41, 3, 43, 0, 4
43, 1, 42, 0, 3
42, 1, 62, 0, 5
62, 3, 62, 0, 2
62, 3, 54, 0, 3
54, 1, 84, 0, 1
84, 3, 75, 0, 5
75, 1, 75, 0, 3
75, 1, 94, 0, 2
94, 3, 96, 0, 5
96, 3, 97, 0, 1
97, 3, 88, 0, 3
88, 3, 88, 10, 3
41, 3, 52, 0, 1
52, 3, 44, 0, 4
44, 1, 43, 0, 3
43, 1, 62, 0, 2
62, 3, 74, 0, 1
74, 3, 64, 0, 2
64, 1, 85, 0, 1
85, 3, 75, 0, 2
75, 1, 86, 0, 5
86, 3, 97, 0, 1
97, 3, 78, 0, 3
78, 1, 98, 0, 1
98, 3, 98, 10, 1
41, 3, 42, 0, 0
42, 1, 62, 0, 1
62, 3, 43, 0, 3
43, 1, 62, 0, 2
62, 3, 65, 0, 4
65, 1, 73, 0, 2
73, 3, 74, 0, 2
74, 3, 66, 0, 3
66, 1, 86, 0, 5
86, 3, 97, 0, 1
97, 3, 89, 0, 4
89, 1, 98, 0, 5
98, 3, 98, 10, 5
41, 3, 41, 0, 2
41, 3, 33, 0, 3
33, 1, 54, 0, 4
54, 1, 73, 0, 1
73, 3, 63, 0, 2
63, 3, 55, 0, 3
55, 1, 74, 0, 2
74, 3, 86, 0, 1
86, 3, 87, 0, 1
87, 3, 68, 0, 3
68, 1, 87, 0, 2
87, 3, 88, 0, 2
88, 3, 89, 0, 4
89, 1, 89, 10, 4
41, 3, 32, 0, 3
32, 1, 53, 0, 4
53, 3, 54, 0, 4
54, 1, 63, 0, 5
63, 3, 63, 0, 2
63, 3, 66, 0, 4
66, 1, 65, 0, 3
65, 1, 84, 0, 2
84, 3, 86, 0, 5
86, 3, 88, 0, 4
88, 3, 98, 0, 1
98, 3, 79, 0, 3
79, 1, 79, 10, 3
41, 3, 42, 0, 0
42, 1, 51, 0, 2
51, 3, 53, 0, 5
53, 3, 53, 0, 2
53, 3, 45, 0, 3
45, 1, 75, 0, 1
75, 1, 76, 0, 4
76, 1, 86, 0, 4
86, 3, 76, 0, 3
76, 1, 86, 0, 3
86, 3, 87, 0, 3
87, 3, 88, 0, 3
88, 3, 88, 10, 3
41, 3, 41, 0, 2
41, 3, 42, 0, 2
42, 1, 54, 0, 4
54, 1, 64, 0, 4
64, 1, 73, 0, 5
73, 3, 84, 0, 1
84, 3, 75, 0, 5
75, 1, 86, 0, 4
86, 3, 76, 0, 3
76, 1, 97, 0, 4
97, 3, 98, 0, 4
98, 3, 99, 0, 4
41, 3, 32, 0, 3
32, 1, 52, 0, 5
52, 3, 43, 0, 3
43, 1, 53, 0, 3
53, 3, 65, 0, 4
65, 1, 73, 0, 2
73, 3, 75, 0, 5
75, 1, 95, 0, 1
95, 3, 85, 0, 2
85, 3, 87, 0, 5
87, 3, 88, 0, 0
88, 3, 89, 0, 0
89, 1, 89, 10, 0
41, 3, 43, 0, 4
43, 1, 52, 0, 5
52, 3, 63, 0, 1
63, 3, 55, 0, 4
55, 1, 74, 0, 1
74, 3, 75, 0, 1
75, 1, 85, 0, 1
85, 3, 86, 0, 1
86, 3, 78, 0, 4
78, 1, 88, 0, 4
88, 3, 89, 0, 4
89, 1, 99, 0, 4
41, 3, 42, 0, 0
42, 1, 62, 0, 1
62, 3, 52, 0, 2
52, 3, 55, 0, 4
55, 1, 54, 0, 3
54, 1, 73, 0, 2
73, 3, 85, 0, 1
85, 3, 75, 0, 2
75, 1, 87, 0, 4
87, 3, 86, 0, 2
86, 3, 87, 0, 2
87, 3, 79, 0, 3
79, 1, 79, 10, 3
41, 3, 43, 0, 4
43, 1, 51, 0, 2
51, 3, 43, 0, 3
43, 1, 62, 0, 2
62, 3, 54, 0, 3
54, 1, 73, 0, 2
73, 3, 75, 0, 5
75, 1, 85, 0, 0
85, 3, 96, 0, 1
96, 3, 97, 0, 1
97, 3, 78, 0, 3
78, 1, 98, 0, 5
98, 3, 98, 10, 5
41, 3, 43, 0, 4
43, 1, 51, 0, 2
51, 3, 53, 0, 5
53, 3, 55, 0, 4
55, 1, 74, 0, 1
74, 3, 64, 0, 2
64, 1, 65, 0, 3
65, 1, 85, 0, 5
85, 3, 96, 0, 1
96, 3, 88, 0, 4
88, 3, 98, 0, 1
98, 3, 79, 0, 3
79, 1, 79, 10, 3
41, 3, 41, 0, 2
41, 3, 43, 0, 5
43, 1, 54, 0, 4
54, 1, 64, 0, 4
64, 1, 74, 0, 4
74, 3, 64, 0, 3
64, 1, 84, 0, 5
84, 3, 75, 0, 3
75, 1, 95, 0, 5
95, 3, 97, 0, 4
97, 3, 97, 0, 5
97, 3, 99, 0, 4
41, 3, 42, 0, 0
42, 1, 53, 0, 4
53, 3, 52, 0, 2
52, 3, 55, 0, 4
55, 1, 64, 0, 5
64, 1, 64, 0, 3
64, 1, 84, 0, 5
84, 3, 95, 0, 1
95, 3, 85, 0, 2
85, 3, 97, 0, 1
97, 3, 98, 0, 1
98, 3, 88, 0, 2
88, 3, 99, 0, 1
41, 3, 42, 0, 0
42, 1, 62, 0, 1
62, 3, 53, 0, 5
53, 3, 64, 0, 1
64, 1, 64, 0, 5
64, 1, 73, 0, 2
73, 3, 76, 0, 4
76, 1, 84, 0, 2
84, 3, 87, 0, 4
87, 3, 97, 0, 1
97, 3, 88, 0, 5
88, 3, 88, 0, 2
88, 3, 89, 0, 4
89, 1, 89, 10, 4
41, 3, 52, 0, 1
52, 3, 42, 0, 2
42, 1, 54, 0, 4
54, 1, 73, 0, 1
73, 3, 54, 0, 3
54, 1, 74, 0, 5
74, 3, 74, 0, 2
74, 3, 86, 0, 1
86, 3, 76, 0, 2
76, 1, 77, 0, 3
77, 3, 98, 0, 1
98, 3, 88, 0, 2
88, 3, 99, 0, 1
41, 3, 41, 0, 2
41, 3, 53, 0, 1
53, 3, 44, 0, 5
44, 1, 54, 0, 0
54, 1, 54, 0, 3
54, 1, 75, 0, 4
75, 1, 74, 0, 3
74, 3, 85, 0, 5
85, 3, 96, 0, 1
96, 3, 87, 0, 5
87, 3, 89, 0, 4
89, 1, 98, 0, 1
98, 3, 98, 10, 1
41, 3, 52, 0, 1
52, 3, 42, 0, 2
42, 1, 63, 0, 1
63, 3, 53, 0, 2
53, 3, 45, 0, 3
45, 1, 66, 0, 4
66, 1, 75, 0, 5
75, 1, 75, 0, 3
75, 1, 95, 0, 1
95, 3, 95, 0, 2
95, 3, 87, 0, 3
87, 3, 98, 0, 1
98, 3, 98, 10, 1
41, 3, 32, 0, 3
32, 1, 62, 0, 1
62, 3, 43, 0, 3
43, 1, 62, 0, 2
62, 3, 54, 0, 3
54, 1, 73, 0, 2
73, 3, 75, 0, 5
75, 1, 86, 0, 4
86, 3, 87, 0, 4
87, 3, 88, 0, 4
88, 3, 88, 0, 5
88, 3, 99, 0, 1
41, 3, 52, 0, 1
52, 3, 44, 0, 4
44, 1, 63, 0, 1
63, 3, 64, 0, 1
64, 1, 65, 0, 4
65, 1, 84, 0, 1
84, 3, 76, 0, 4
76, 1, 86, 0, 4
86, 3, 87, 0, 4
87, 3, 77, 0, 3
77, 3, 87, 0, 2
87, 3, 88, 0, 2
88, 3, 89, 0, 4
89, 1, 89, 10, 4
41, 3, 32, 0, 3
32, 1, 42, 0, 3
42, 1, 72, 0, 1
72, 3, 63, 0, 5
63, 3, 65, 0, 4
65, 1, 64, 0, 3
64, 1, 84, 0, 5
84, 3, 75, 0, 3
75, 1, 96, 0, 4
96, 3, 86, 0, 3
86, 3, 87, 0, 3
87, 3, 98, 0, 5
98, 3, 98, 10, 5
41, 3, 32, 0, 3
32, 1, 53, 0, 4
53, 3, 52, 0, 2
52, 3, 54, 0, 5
54, 1, 65, 0, 4
65, 1, 74, 0, 5
74, 3, 65, 0, 3
65, 1, 95, 0, 1
95, 3, 87, 0, 4
87, 3, 77, 0, 3
77, 3, 98, 0, 1
98, 3, 89, 0, 4
89, 1, 89, 10, 4
41, 3, 41, 0, 2
41, 3, 33, 0, 3
33, 1, 52, 0, 2
52, 3, 53, 0, 2
53, 3, 55, 0, 5
55, 1, 64, 0, 2
64, 1, 65, 0, 3
65, 1, 95, 0, 1
95, 3, 76, 0, 3
76, 1, 95, 0, 2
95, 3, 87, 0, 3
87, 3, 97, 0, 2
97, 3, 97, 10, 2
41, 3, 42, 0, 0
42, 1, 51, 0, 2
51, 3, 54, 0, 4
54, 1, 53, 0, 3
53, 3, 65, 0, 4
65, 1, 74, 0, 5
74, 3, 85, 0, 1
85, 3, 66, 0, 3
66, 1, 87, 0, 4
87, 3, 86, 0, 2
86, 3, 98, 0, 1
98, 3, 99, 0, 1
41, 3, 52, 0, 1
52, 3, 33, 0, 3
33, 1, 54, 0, 4
54, 1, 64, 0, 4
64, 1, 72, 0, 2
72, 3, 84, 0, 1
84, 3, 75, 0, 5
75, 1, 95, 0, 1
95, 3, 86, 0, 5
86, 3, 88, 0, 4
88, 3, 98, 0, 1
98, 3, 89, 0, 5
89, 1, 89, 10, 5
41, 3, 43, 0, 4
43, 1, 62, 0, 1
62, 3, 53, 0, 5
53, 3, 55, 0, 4
55, 1, 74, 0, 1
74, 3, 75, 0, 1
75, 1, 74, 0, 2
74, 3, 77, 0, 4
77, 3, 78, 0, 4
78, 1, 86, 0, 2
86, 3, 89, 0, 4
89, 1, 98, 0, 5
98, 3, 98, 10, 5
41, 3, 52, 0, 1
52, 3, 43, 0, 5
43, 1, 43, 0, 3
43, 1, 73, 0, 1
73, 3, 63, 0, 2
63, 3, 64, 0, 2
64, 1, 74, 0, 2
74, 3, 76, 0, 5
76, 1, 87, 0, 4
87, 3, 86, 0, 2
86, 3, 78, 0, 3
78, 1, 99, 0, 4
41, 3, 32, 0, 3
32, 1, 52, 0, 5
52, 3, 43, 0, 3
43, 1, 73, 0, 1
73, 3, 54, 0, 3
54, 1, 73, 0, 2
73, 3, 85, 0, 1
85, 3, 77, 0, 4
77, 3, 76, 0, 2
76, 1, 87, 0, 5
87, 3, 87, 0, 2
87, 3, 79, 0, 3
79, 1, 79, 10, 3
41, 3, 41, 0, 2
41, 3, 42, 0, 2
42, 1, 53, 0, 5
53, 3, 53, 0, 2
53, 3, 65, 0, 1
65, 1, 66, 0, 4
66, 1, 75, 0, 5
75, 1, 95, 0, 1
95, 3, 85, 0, 2
85, 3, 86, 0, 2
86, 3, 98, 0, 1
98, 3, 79, 0, 3
79, 1, 79, 10, 3
41, 3, 41, 0, 2
41, 3, 42, 0, 2
42, 1, 43, 0, 3
43, 1, 73, 0, 1
73, 3, 64, 0, 5
64, 1, 73, 0, 2
73, 3, 76, 0, 4
76, 1, 85, 0, 5
85, 3, 87, 0, 4
87, 3, 88, 0, 4
88, 3, 78, 0, 3
78, 1, 98, 0, 1
98, 3, 98, 10, 1
41, 3, 41, 0, 2
41, 3, 53, 0, 1
53, 3, 45, 0, 4
45, 1, 64, 0, 1
64, 1, 63, 0, 2
63, 3, 64, 0, 2
64, 1, 65, 0, 3
65, 1, 84, 0, 2
84, 3, 76, 0, 3
76, 1, 86, 0, 3
86, 3, 98, 0, 4
98, 3, 99, 0, 4
41, 3, 42, 0, 0
42, 1, 62, 0, 1
62, 3, 54, 0, 4
54, 1, 73, 0, 1
73, 3, 65, 0, 4
65, 1, 74, 0, 5
74, 3, 65, 0, 3
65, 1, 75, 0, 3
75, 1, 95, 0, 5
95, 3, 95, 0, 2
95, 3, 97, 0, 5
97, 3, 98, 0, 0
98, 3, 98, 10, 0
41, 3, 52, 0, 1
52, 3, 33, 0, 3
33, 1, 53, 0, 5
53, 3, 53, 0, 2
53, 3, 54, 0, 2
54, 1, 55, 0, 3
55, 1, 85, 0, 1
85, 3, 76, 0, 5
76, 1, 76, 0, 3
76, 1, 97, 0, 4
97, 3, 97, 0, 5
97, 3, 97, 0, 2
97, 3, 97, 10, 2
41, 3, 43, 0, 4
43, 1, 52, 0, 5
52, 3, 63, 0, 1
63, 3, 55, 0, 4
55, 1, 74, 0, 1
74, 3, 66, 0, 4
66, 1, 75, 0, 5
75, 1, 85, 0, 0
85, 3, 76, 0, 3
76, 1, 97, 0, 4
97, 3, 98, 0, 4
98, 3, 88, 0, 3
88, 3, 88, 10, 3
41, 3, 41, 0, 2
41, 3, 33, 0, 3
33, 1, 54, 0, 4
54, 1, 62, 0, 2
62, 3, 54, 0, 3
54, 1, 75, 0, 4
75, 1, 83, 0, 2
83, 3, 86, 0, 4
86, 3, 87, 0, 4
87, 3, 87, 0, 5
87, 3, 98, 0, 1
98, 3, 89, 0, 4
89, 1, 89, 10, 4
41, 3, 42, 0, 0
42, 1, 51, 0, 2
51, 3, 53, 0, 5
53, 3, 55, 0, 4
55, 1, 74, 0, 1
74, 3, 66, 0, 4
66, 1, 76, 0, 4
76, 1, 86, 0, 4
86, 3, 86, 0, 5
86, 3, 77, 0, 3
77, 3, 88, 0, 5
88, 3, 79, 0, 3
79, 1, 79, 10, 3
41, 3, 42, 0, 0
42, 1, 42, 0, 3
42, 1, 72, 0, 1
72, 3, 63, 0, 5
63, 3, 54, 0, 3
54, 1, 84, 0, 1
84, 3, 85, 0, 1
85, 3, 66, 0, 3
66, 1, 86, 0, 5
86, 3, 87, 0, 0
87, 3, 78, 0, 3
78, 1, 98, 0, 5
98, 3, 98, 10, 5
41, 3, 43, 0, 4
43, 1, 53, 0, 4
53, 3, 53, 0, 5
53, 3, 44, 0, 3
44, 1, 54, 0, 3
54, 1, 64, 0, 3
64, 1, 84, 0, 5
84, 3, 75, 0, 3
75, 1, 95, 0, 5
95, 3, 95, 0, 2
95, 3, 98, 0, 4
98, 3, 97, 0, 2
97, 3, 97, 10, 2
41, 3, 43, 0, 4
43, 1, 53, 0, 4
53, 3, 63, 0, 1
63, 3, 44, 0, 3
44, 1, 63, 0, 2
63, 3, 66, 0, 4
66, 1, 85, 0, 1
85, 3, 75, 0, 2
75, 1, 87, 0, 4
87, 3, 86, 0, 2
86, 3, 87, 0, 2
87, 3, 89, 0, 4
89, 1, 89, 10, 4
41, 3, 41, 0, 2
41, 3, 44, 0, 4
44, 1, 63, 0, 1
63, 3, 54, 0, 5
54, 1, 74, 0, 1
74, 3, 65, 0, 5
65, 1, 75, 0, 0
75, 1, 75, 0, 3
75, 1, 96, 0, 4
96, 3, 97, 0, 4
97, 3, 97, 0, 5
97, 3, 97, 0, 2
97, 3, 97, 10, 2
41, 3, 41, 0, 2
41, 3, 33, 0, 3
33, 1, 43, 0, 3
43, 1, 73, 0, 1
73, 3, 74, 0, 1
74, 3, 55, 0, 3
55, 1, 85, 0, 1
85, 3, 75, 0, 2
75, 1, 85, 0, 2
85, 3, 88, 0, 4
88, 3, 88, 0, 5
88, 3, 89, 0, 0
89, 1, 89, 10, 0
41, 3, 52, 0, 1
52, 3, 42, 0, 2
42, 1, 53, 0, 5
53, 3, 64, 0, 1
64, 1, 54, 0, 3
54, 1, 75, 0, 4
75, 1, 74, 0, 3
74, 3, 95, 0, 1
95, 3, 85, 0, 2
85, 3, 77, 0, 3
77, 3, 88, 0, 5
88, 3, 88, 0, 2
88, 3, 89, 0, 5
89, 1, 89, 10, 5
41, 3, 52, 0, 1
52, 3, 42, 0, 2
42, 1, 63, 0, 1
63, 3, 54, 0, 5
54, 1, 63, 0, 2
63, 3, 64, 0, 2
64, 1, 74, 0, 2
74, 3, 76, 0, 5
76, 1, 96, 0, 1
96, 3, 88, 0, 4
88, 3, 98, 0, 1
98, 3, 79, 0, 3
79, 1, 79, 10, 3
41, 3, 52, 0, 1
52, 3, 43, 0, 5
43, 1, 54, 0, 4
54, 1, 63, 0, 5
63, 3, 74, 0, 1
74, 3, 64, 0, 2
64, 1, 65, 0, 3
65, 1, 86, 0, 4
86, 3, 85, 0, 2
85, 3, 87, 0, 5
87, 3, 89, 0, 4
89, 1, 88, 0, 3
88, 3, 88, 10, 3
41, 3, 52, 0, 1
52, 3, 33, 0, 3
33, 1, 54, 0, 4
54, 1, 63, 0, 5
63, 3, 63, 0, 2
63, 3, 65, 0, 5
65, 1, 75, 0, 0
75, 1, 85, 0, 0
85, 3, 87, 0, 4
87, 3, 77, 0, 3
77, 3, 89, 0, 4
89, 1, 88, 0, 3
88, 3, 88, 10, 3
41, 3, 41, 0, 2
41, 3, 43, 0, 5
43, 1, 43, 0, 3
43, 1, 63, 0, 5
63, 3, 65, 0, 4
65, 1, 75, 0, 4
75, 1, 74, 0, 3
74, 3, 75, 0, 3
75, 1, 96, 0, 4
96, 3, 97, 0, 4
97, 3, 96, 0, 2
96, 3, 98, 0, 5
98, 3, 98, 10, 5
41, 3, 43, 0, 4
43, 1, 51, 0, 2
51, 3, 43, 0, 3
43, 1, 62, 0, 2
62, 3, 65, 0, 4
65, 1, 84, 0, 1
84, 3, 65, 0, 3
65, 1, 85, 0, 5
85, 3, 76, 0, 3
76, 1, 96, 0, 5
96, 3, 98, 0, 4
98, 3, 98, 0, 5
98, 3, 98, 10, 5
41, 3, 32, 0, 3
32, 1, 53, 0, 4
53, 3, 43, 0, 3
43, 1, 63, 0, 5
63, 3, 64, 0, 0
64, 1, 75, 0, 4
75, 1, 94, 0, 1
94, 3, 86, 0, 4
86, 3, 87, 0, 4
87, 3, 87, 0, 5
87, 3, 78, 0, 3
78, 1, 88, 0, 3
88, 3, 88, 10, 3
